                      The alpha separation energy of elements 89 to 118. (Unit: MeV)

Nucl.	        EXP	        LDM	        DZ	        WS4	        FRDM	LDM-lgb	DZ-lgb	WS4-lgb	FRDM-lgb
203Ac	8.382 	8.274 	8.094 	8.513 	8.576 	8.162 	8.168 	8.225 	8.283 
204Ac	8.107 	8.142 	8.428 	8.361 	8.426 	7.996 	8.100 	8.086 	8.165 
205Ac	8.093 	8.014 	8.233 	8.139 	8.216 	8.072 	8.070 	8.086 	8.128 
206Ac	7.958 	7.878 	8.055 	7.980 	7.936 	7.940 	7.947 	7.950 	7.967 
207Ac	7.845 	7.746 	7.892 	7.753 	7.696 	7.831 	7.841 	7.845 	7.854 
208Ac	7.729 	7.606 	7.746 	7.456 	7.306 	7.727 	7.726 	7.716 	7.678 
209Ac	7.730 	7.471 	7.615 	7.412 	7.516 	7.722 	7.726 	7.706 	7.735 
210Ac	7.586 	7.328 	7.503 	7.764 	7.336 	7.605 	7.606 	7.618 	7.607 
211Ac	7.568 	7.190 	7.405 	8.036 	7.416 	7.604 	7.615 	7.618 	7.630 
212Ac	7.540 	7.044 	7.327 	7.826 	7.376 	7.520 	7.504 	7.510 	7.497 
213Ac	7.498 	6.902 	7.262 	7.607 	7.426 	7.504 	7.494 	7.491 	7.473 
214Ac	7.352 	6.753 	7.218 	7.560 	7.406 	7.368 	7.358 	7.341 	7.370 
215Ac	7.746 	6.609 	7.188 	7.699 	7.426 	7.785 	7.740 	7.758 	7.720 
216Ac	9.241 	6.457 	8.801 	8.674 	9.026 	9.175 	9.183 	9.174 	9.211 
217Ac	9.832 	6.310 	10.322 	9.636 	10.026 	9.803 	9.835 	9.854 	9.852 
218Ac	9.384 	6.156 	9.863 	9.444 	9.526 	9.376 	9.394 	9.368 	9.352 
219Ac	8.826 	6.006 	8.865 	9.006 	8.936 	8.810 	8.791 	8.831 	8.833 
220Ac	8.348 	5.850 	7.839 	8.461 	7.776 	8.334 	8.331 	8.347 	8.318 
221Ac	7.791 	5.698 	7.216 	7.894 	7.246 	7.845 	7.780 	7.808 	7.792 
222Ac	7.137 	5.540 	6.858 	7.438 	6.826 	7.192 	7.170 	7.145 	7.167 
223Ac	6.783 	5.386 	6.499 	7.040 	6.486 	6.770 	6.811 	6.791 	6.786 
224Ac	6.327 	5.226 	6.153 	6.517 	6.246 	6.350 	6.370 	6.357 	6.368 
225Ac	5.935 	5.070 	5.806 	5.949 	5.966 	5.939 	5.940 	5.944 	5.934 
226Ac	5.506 	4.908 	5.472 	5.384 	5.686 	5.541 	5.527 	5.534 	5.541 
227Ac	5.042 	4.750 	5.137 	4.872 	5.396 	5.069 	5.056 	5.061 	5.076 
228Ac	4.721 	4.586 	4.817 	4.677 	4.906 	4.706 	4.722 	4.704 	4.700 
229Ac	4.444 	4.426 	4.494 	4.533 	4.426 	4.385 	4.405 	4.437 	4.401 
230Ac	3.893 	4.261 	4.187 	4.172 	3.916 	3.920 	3.915 	3.894 	3.915 
231Ac	3.655 	4.100 	3.876 	3.815 	3.516 	3.650 	3.668 	3.645 	3.644 
232Ac	3.345 	3.934 	3.581 	3.666 	3.406 	3.343 	3.356 	3.344 	3.382 
233Ac	3.215 	3.771 	3.283 	3.554 	3.176 	3.181 	3.214 	3.181 	3.210 
234Ac	2.930 	3.604 	3.000 	3.336 	2.846 	2.889 	2.941 	2.917 	2.920 
235Ac	2.852 	3.440 	2.714 	3.048 	2.626 	2.835 	2.836 	2.878 	2.824 
236Ac	2.723 	3.271 	2.444 	2.753 	2.516 	2.728 	2.715 	2.736 	2.749 
207Th	8.328 	8.299 	8.415 	8.366 	8.206 	8.305 	8.250 	8.322 	8.302 
208Th	8.211 	8.174 	8.261 	8.201 	8.116 	8.214 	8.194 	8.219 	8.257 
210Th	8.069 	7.906 	7.994 	7.868 	7.816 	8.076 	8.071 	8.064 	8.062 
211Th	7.937 	7.764 	7.880 	8.226 	7.666 	7.967 	7.956 	7.967 	7.945 
212Th	7.958 	7.631 	7.791 	8.489 	7.666 	7.999 	7.979 	7.998 	7.949 
213Th	7.837 	7.486 	7.711 	8.164 	7.636 	7.857 	7.846 	7.858 	7.848 
214Th	7.827 	7.350 	7.654 	7.944 	7.706 	7.839 	7.817 	7.812 	7.810 
215Th	7.665 	7.203 	7.608 	7.912 	7.756 	7.665 	7.666 	7.652 	7.706 
216Th	8.072 	7.064 	7.584 	7.949 	7.836 	8.072 	8.074 	8.064 	8.095 
217Th	9.435 	6.913 	9.069 	8.973 	9.276 	9.414 	9.401 	9.410 	9.387 
218Th	9.849 	6.771 	10.472 	9.897 	10.266 	9.826 	9.857 	9.856 	9.872 
219Th	9.506 	6.618 	10.023 	9.667 	9.686 	9.537 	9.531 	9.531 	9.522 
220Th	8.973 	6.474 	9.024 	9.137 	9.046 	8.928 	8.974 	8.972 	8.980 
221Th	8.625 	6.319 	7.961 	8.549 	7.926 	8.615 	8.606 	8.609 	8.610 
222Th	8.133 	6.172 	7.457 	7.986 	7.536 	8.124 	8.110 	8.087 	8.128 
223Th	7.567 	6.014 	7.117 	7.584 	7.166 	7.581 	7.600 	7.590 	7.581 
224Th	7.299 	5.865 	6.785 	7.204 	6.856 	7.295 	7.295 	7.295 	7.295 
225Th	6.921 	5.706 	6.456 	6.667 	6.596 	6.879 	6.871 	6.879 	6.872 
226Th	6.453 	5.555 	6.136 	6.095 	6.356 	6.422 	6.411 	6.433 	6.407 
227Th	6.147 	5.394 	5.818 	5.562 	6.096 	6.104 	6.090 	6.089 	6.108 
228Th	5.520 	5.241 	5.509 	5.169 	5.736 	5.544 	5.528 	5.503 	5.551 
229Th	5.168 	5.078 	5.202 	5.019 	5.286 	5.169 	5.167 	5.155 	5.162 
230Th	4.770 	4.923 	4.904 	4.886 	4.746 	4.769 	4.766 	4.804 	4.780 
231Th	4.213 	4.758 	4.610 	4.488 	4.206 	4.232 	4.225 	4.239 	4.219 
232Th	4.082 	4.602 	4.323 	4.113 	3.976 	4.080 	4.071 	4.064 	4.075 
233Th	3.745 	4.436 	4.040 	4.036 	3.706 	3.755 	3.722 	3.747 	3.752 
234Th	3.672 	4.278 	3.765 	3.978 	3.576 	3.654 	3.670 	3.669 	3.648 
235Th	3.376 	4.111 	3.493 	3.757 	3.336 	3.414 	3.406 	3.384 	3.401 
236Th	3.333 	3.951 	3.230 	3.437 	3.186 	3.330 	3.343 	3.352 	3.356 
237Th	3.196 	3.783 	2.970 	3.136 	2.986 	3.194 	3.230 	3.221 	3.216 
211Pa	8.481 	8.318 	8.349 	8.179 	8.116 	8.432 	8.460 	8.432 	8.437 
212Pa	8.411 	8.182 	8.244 	8.593 	8.096 	8.363 	8.394 	8.410 	8.432 
213Pa	8.384 	8.050 	8.153 	8.802 	8.126 	8.370 	8.378 	8.387 	8.393 
214Pa	8.271 	7.911 	8.081 	8.502 	8.036 	8.246 	8.258 	8.230 	8.234 
215Pa	8.236 	7.776 	8.022 	8.242 	8.116 	8.235 	8.225 	8.225 	8.223 
216Pa	8.099 	7.634 	7.982 	8.314 	8.176 	8.108 	8.122 	8.157 	8.130 
217Pa	8.489 	7.496 	7.956 	8.210 	8.176 	8.493 	8.486 	8.456 	8.482 
218Pa	9.791 	7.351 	9.333 	9.274 	9.556 	9.741 	9.761 	9.768 	9.752 
219Pa	10.128 	7.210 	10.614 	10.144 	10.466 	10.077 	10.144 	10.134 	10.168 
220Pa	9.704 	7.062 	10.184 	9.831 	9.556 	9.659 	9.777 	9.668 	9.575 
221Pa	9.248 	6.919 	9.232 	9.246 	8.896 	9.262 	9.265 	9.246 	9.244 
222Pa	8.789 	6.769 	8.143 	8.678 	8.146 	8.724 	8.695 	8.733 	8.653 
223Pa	8.343 	6.623 	7.688 	8.102 	7.846 	8.315 	8.349 	8.313 	8.336 
224Pa	7.694 	6.470 	7.374 	7.714 	7.476 	7.742 	7.722 	7.741 	7.698 
225Pa	7.401 	6.322 	7.060 	7.309 	7.186 	7.389 	7.416 	7.415 	7.385 
226Pa	6.987 	6.168 	6.757 	6.765 	6.966 	6.968 	6.993 	7.003 	6.994 
227Pa	6.580 	6.017 	6.453 	6.244 	6.766 	6.623 	6.593 	6.607 	6.597 
228Pa	6.265 	5.861 	6.160 	5.796 	6.466 	6.234 	6.225 	6.217 	6.245 
229Pa	5.835 	5.709 	5.866 	5.466 	6.046 	5.843 	5.830 	5.822 	5.842 
230Pa	5.439 	5.551 	5.584 	5.341 	5.546 	5.390 	5.415 	5.395 	5.387 
231Pa	5.150 	5.396 	5.300 	5.184 	5.076 	5.127 	5.140 	5.125 	5.124 
232Pa	4.627 	5.237 	5.029 	4.778 	4.756 	4.630 	4.590 	4.614 	4.648 
233Pa	4.375 	5.081 	4.755 	4.409 	4.326 	4.401 	4.390 	4.348 	4.398 
234Pa	4.076 	4.919 	4.494 	4.362 	4.146 	4.090 	4.076 	4.094 	4.093 
235Pa	4.101 	4.762 	4.230 	4.345 	3.936 	4.062 	4.075 	4.109 	4.071 
236Pa	3.755 	4.599 	3.981 	4.088 	3.786 	3.775 	3.785 	3.764 	3.772 
237Pa	3.795 	4.441 	3.727 	3.733 	3.566 	3.773 	3.774 	3.783 	3.765 
238Pa	3.628 	4.277 	3.489 	3.446 	3.426 	3.636 	3.622 	3.609 	3.604 
214U	8.696 	8.478 	8.523 	9.157 	8.446 	8.731 	8.669 	8.785 	8.759 
215U	8.588 	8.340 	8.449 	8.828 	8.316 	8.607 	8.582 	8.590 	8.570 
216U	8.531 	8.211 	8.396 	8.555 	8.346 	8.507 	8.520 	8.539 	8.515 
218U	8.775 	7.937 	8.333 	8.513 	8.516 	8.796 	8.799 	8.791 	8.806 
219U	9.950 	7.793 	9.600 	9.493 	9.806 	9.895 	9.919 	9.948 	9.915 
221U	9.889 	7.511 	10.359 	9.973 	9.776 	9.844 	9.936 	9.907 	9.910 
222U	9.481 	7.372 	9.513 	9.409 	9.146 	9.465 	9.507 	9.463 	9.464 
223U	9.158 	7.223 	8.392 	8.801 	8.516 	8.925 	8.934 	8.951 	8.930 
224U	8.628 	7.082 	7.936 	8.253 	8.236 	8.622 	8.592 	8.597 	8.604 
225U	8.007 	6.931 	7.639 	7.890 	7.896 	8.013 	8.016 	8.022 	7.997 
226U	7.701 	6.788 	7.351 	7.464 	7.606 	7.680 	7.683 	7.695 	7.665 
227U	7.235 	6.634 	7.064 	6.952 	7.376 	7.207 	7.208 	7.216 	7.214 
228U	6.800 	6.488 	6.785 	6.472 	7.126 	6.817 	6.824 	6.801 	6.853 
229U	6.476 	6.333 	6.507 	6.107 	6.686 	6.507 	6.484 	6.474 	6.501 
230U	5.992 	6.185 	6.236 	5.868 	6.176 	6.032 	6.047 	6.022 	6.027 
231U	5.576 	6.028 	5.968 	5.721 	5.716 	5.600 	5.629 	5.598 	5.597 
232U	5.414 	5.879 	5.707 	5.549 	5.286 	5.454 	5.438 	5.469 	5.429 
233U	4.909 	5.720 	5.449 	5.150 	4.946 	4.945 	4.938 	4.935 	4.945 
234U	4.858 	5.568 	5.198 	4.801 	4.656 	4.874 	4.856 	4.836 	4.846 
235U	4.678 	5.408 	4.949 	4.768 	4.516 	4.673 	4.667 	4.633 	4.661 
236U	4.573 	5.255 	4.707 	4.766 	4.446 	4.567 	4.566 	4.578 	4.580 
237U	4.234 	5.093 	4.467 	4.497 	4.306 	4.259 	4.279 	4.267 	4.281 
238U	4.270 	4.938 	4.235 	4.127 	4.086 	4.307 	4.276 	4.291 	4.295 
239U	4.130 	4.775 	4.005 	3.858 	3.896 	4.113 	4.117 	4.117 	4.119 
240U	4.035 	4.619 	3.781 	3.642 	3.736 	4.009 	4.026 	4.000 	3.986 
219Np	9.207 	8.356 	8.687 	8.956 	8.856 	9.051 	9.133 	9.171 	9.142 
220Np	10.226 	8.217 	9.862 	9.785 	9.936 	9.829 	10.100 	10.183 	10.063 
222Np	10.200 	7.941 	10.536 	10.077 	9.766 	9.698 	10.093 	9.932 	9.858 
223Np	9.650 	7.804 	9.837 	9.530 	9.176 	9.583 	10.008 	9.661 	9.583 
224Np	9.329 	7.660 	8.695 	8.974 	8.916 	9.108 	9.269 	9.177 	9.151 
225Np	8.818 	7.520 	8.175 	8.502 	8.696 	8.757 	8.773 	8.752 	8.781 
226Np	8.328 	7.373 	7.904 	8.194 	8.376 	8.263 	8.269 	8.323 	8.344 
227Np	7.816 	7.231 	7.632 	7.767 	8.066 	7.807 	7.808 	7.791 	7.812 
229Np	7.020 	6.938 	7.105 	6.886 	7.376 	6.994 	6.992 	6.990 	7.015 
230Np	6.778 	6.787 	6.850 	6.607 	6.926 	6.734 	6.742 	6.734 	6.741 
231Np	6.368 	6.640 	6.595 	6.383 	6.406 	6.314 	6.319 	6.330 	6.337 
233Np	5.627 	6.339 	6.101 	6.063 	5.616 	5.662 	5.649 	5.661 	5.645 
234Np	5.356 	6.184 	5.865 	5.667 	5.286 	5.392 	5.348 	5.364 	5.349 
235Np	5.194 	6.034 	5.625 	5.345 	4.996 	5.213 	5.188 	5.188 	5.185 
236Np	5.007 	5.878 	5.397 	5.335 	4.906 	5.019 	5.026 	4.998 	4.995 
237Np	4.957 	5.725 	5.166 	5.333 	4.856 	4.953 	4.932 	4.988 	4.936 
238Np	4.691 	5.568 	4.946 	5.058 	4.706 	4.672 	4.699 	4.688 	4.674 
239Np	4.597 	5.414 	4.724 	4.683 	4.576 	4.633 	4.615 	4.594 	4.625 
240Np	4.557 	5.255 	4.513 	4.417 	4.336 	4.530 	4.508 	4.544 	4.530 
241Np	4.363 	5.100 	4.299 	4.216 	4.236 	4.349 	4.364 	4.351 	4.358 
242Np	4.098 	4.940 	4.098 	4.106 	4.076 	4.089 	4.080 	4.127 	4.121 
227Pu	8.338 	7.820 	8.176 	8.517 	8.706 	8.536 	8.634 	8.604 	8.524 
228Pu	7.940 	7.683 	7.929 	8.122 	8.446 	7.962 	7.963 	7.959 	7.975 
229Pu	7.598 	7.535 	7.680 	7.686 	8.146 	7.611 	7.629 	7.583 	7.598 
230Pu	7.178 	7.395 	7.440 	7.378 	7.616 	7.207 	7.211 	7.198 	7.202 
231Pu	6.839 	7.245 	7.199 	7.132 	7.196 	6.886 	6.917 	6.906 	6.905 
232Pu	6.716 	7.103 	6.967 	6.957 	6.756 	6.731 	6.735 	6.741 	6.695 
233Pu	6.416 	6.952 	6.733 	6.831 	6.496 	6.421 	6.400 	6.420 	6.404 
234Pu	6.310 	6.807 	6.508 	6.626 	6.146 	6.300 	6.311 	6.299 	6.304 
235Pu	5.951 	6.654 	6.282 	6.253 	5.936 	5.956 	5.944 	5.948 	5.959 
236Pu	5.867 	6.508 	6.065 	5.941 	5.686 	5.861 	5.841 	5.827 	5.845 
237Pu	5.748 	6.352 	5.847 	5.939 	5.556 	5.713 	5.730 	5.723 	5.715 
238Pu	5.593 	6.205 	5.636 	5.944 	5.526 	5.554 	5.584 	5.589 	5.572 
239Pu	5.245 	6.048 	5.425 	5.669 	5.296 	5.260 	5.246 	5.263 	5.249 
240Pu	5.256 	5.898 	5.223 	5.287 	5.106 	5.242 	5.255 	5.236 	5.260 
241Pu	5.140 	5.740 	5.020 	5.005 	4.856 	5.133 	5.124 	5.113 	5.105 
242Pu	4.984 	5.589 	4.825 	4.803 	4.766 	4.964 	4.985 	4.963 	4.962 
243Pu	4.757 	5.429 	4.631 	4.672 	4.636 	4.798 	4.762 	4.783 	4.786 
244Pu	4.666 	5.277 	4.444 	4.587 	4.446 	4.681 	4.669 	4.693 	4.689 
229Am	8.137 	8.114 	8.214 	8.321 	8.576 	8.122 	8.120 	8.136 	8.140 
231Am	7.395 	7.832 	7.763 	7.690 	7.726 	7.373 	7.378 	7.366 	7.379 
233Am	7.057 	7.545 	7.326 	7.365 	7.076 	6.842 	6.905 	6.924 	6.880 
235Am	6.576 	7.255 	6.900 	7.037 	6.576 	6.594 	6.591 	6.591 	6.587 
236Am	6.256 	7.106 	6.696 	6.668 	6.396 	6.313 	6.299 	6.307 	6.418 
237Am	6.190 	6.960 	6.488 	6.361 	6.196 	6.278 	6.254 	6.206 	6.233 
238Am	6.042 	6.810 	6.290 	6.373 	6.116 	6.034 	6.058 	6.061 	6.067 
239Am	5.922 	6.662 	6.090 	6.390 	6.026 	5.934 	5.945 	5.954 	5.950 
240Am	5.707 	6.510 	5.899 	6.113 	5.726 	5.710 	5.691 	5.724 	5.714 
241Am	5.638 	6.361 	5.704 	5.751 	5.576 	5.666 	5.669 	5.638 	5.662 
242Am	5.589 	6.207 	5.521 	5.456 	5.346 	5.598 	5.576 	5.598 	5.597 
243Am	5.439 	6.057 	5.333 	5.234 	5.216 	5.427 	5.449 	5.424 	5.409 
244Am	5.138 	5.901 	5.156 	5.089 	5.086 	5.159 	5.170 	5.158 	5.148 
245Am	5.160 	5.749 	4.975 	4.955 	4.896 	5.172 	5.184 	5.155 	5.164 
247Am	4.900 	5.440 	4.631 	4.753 	4.586 	4.719 	4.841 	4.683 	4.674 
233Cm	7.473 	8.132 	7.897 	7.849 	7.616 	7.483 	7.482 	7.507 	7.474 
234Cm	7.365 	7.996 	7.699 	7.720 	7.486 	7.355 	7.367 	7.390 	7.374 
236Cm	7.067 	7.711 	7.305 	7.394 	7.026 	7.052 	7.067 	7.064 	7.047 
237Cm	6.770 	7.562 	7.112 	7.013 	6.906 	6.778 	6.778 	6.781 	6.793 
238Cm	6.670 	7.421 	6.924 	6.726 	6.716 	6.678 	6.668 	6.659 	6.684 
239Cm	6.540 	7.271 	6.736 	6.755 	6.536 	6.532 	6.512 	6.549 	6.539 
240Cm	6.398 	7.129 	6.554 	6.788 	6.506 	6.405 	6.436 	6.450 	6.435 
241Cm	6.185 	6.977 	6.371 	6.519 	6.216 	6.199 	6.215 	6.213 	6.197 
242Cm	6.216 	6.832 	6.195 	6.168 	6.056 	6.240 	6.191 	6.211 	6.212 
243Cm	6.169 	6.679 	6.019 	5.856 	5.876 	6.140 	6.179 	6.154 	6.144 
244Cm	5.902 	6.533 	5.848 	5.625 	5.766 	5.919 	5.898 	5.908 	5.916 
245Cm	5.624 	6.378 	5.679 	5.463 	5.566 	5.636 	5.649 	5.638 	5.632 
246Cm	5.475 	6.230 	5.514 	5.307 	5.306 	5.515 	5.461 	5.466 	5.469 
247Cm	5.354 	6.074 	5.349 	5.186 	5.156 	5.312 	5.360 	5.312 	5.336 
248Cm	5.162 	5.925 	5.190 	5.103 	5.046 	5.149 	5.150 	5.140 	5.147 
249Cm	5.148 	5.768 	5.033 	5.078 	5.356 	5.205 	5.160 	5.136 	5.178 
250Cm	5.170 	5.617 	4.880 	5.022 	5.306 	5.176 	5.214 	5.185 	5.196 
233Bk	8.170 	8.701 	8.430 	8.467 	8.166 	8.103 	8.066 	8.167 	8.059 
234Bk	8.099 	8.561 	8.245 	8.317 	8.036 	8.041 	8.007 	8.173 	8.109 
235Bk	7.895 	8.425 	8.060 	8.164 	7.876 	7.805 	7.798 	7.942 	7.863 
237Bk	7.894 	8.146 	7.697 	7.801 	7.506 	7.601 	7.761 	7.637 	7.690 
239Bk	7.491 	7.862 	7.346 	7.176 	7.146 	7.091 	7.154 	7.176 	7.263 
241Bk	7.191 	7.574 	7.004 	7.279 	6.796 	6.941 	6.849 	7.044 	6.946 
243Bk	6.874 	7.283 	6.670 	6.685 	6.506 	6.841 	6.841 	6.845 	6.854 
244Bk	6.779 	7.134 	6.511 	6.385 	6.386 	6.762 	6.779 	6.747 	6.775 
245Bk	6.455 	6.988 	6.347 	6.141 	6.176 	6.425 	6.387 	6.450 	6.461 
246Bk	6.074 	6.838 	6.193 	5.993 	5.976 	6.070 	6.112 	6.058 	6.061 
247Bk	5.890 	6.691 	6.034 	5.837 	5.706 	5.949 	5.908 	5.917 	5.925 
248Bk	5.827 	6.539 	5.886 	5.749 	5.536 	5.871 	5.800 	5.779 	5.794 
249Bk	5.521 	6.390 	5.732 	5.718 	5.426 	5.539 	5.524 	5.572 	5.523 
251Bk	5.880 	6.087 	5.439 	5.666 	5.736 	5.853 	5.774 	5.824 	5.734 
237Cf	8.220 	8.722 	8.265 	8.463 	8.136 	8.194 	8.236 	8.251 	8.245 
239Cf	7.763 	8.446 	7.937 	7.909 	7.616 	7.768 	7.804 	7.769 	7.753 
240Cf	7.711 	8.310 	7.779 	7.658 	7.426 	7.659 	7.646 	7.672 	7.689 
241Cf	7.517 	8.165 	7.618 	7.742 	7.236 	7.484 	7.457 	7.547 	7.509 
242Cf	7.517 	8.028 	7.463 	7.803 	7.246 	7.522 	7.538 	7.522 	7.509 
244Cf	7.329 	7.742 	7.154 	7.245 	6.926 	7.338 	7.342 	7.322 	7.327 
245Cf	7.258 	7.593 	7.002 	6.943 	6.816 	7.245 	7.247 	7.230 	7.255 
246Cf	6.862 	7.452 	6.854 	6.698 	6.636 	6.894 	6.906 	6.891 	6.913 
247Cf	6.503 	7.302 	6.706 	6.565 	6.406 	6.546 	6.500 	6.541 	6.539 
248Cf	6.361 	7.159 	6.563 	6.431 	6.176 	6.337 	6.333 	6.375 	6.368 
249Cf	6.293 	7.008 	6.418 	6.367 	6.006 	6.287 	6.326 	6.296 	6.300 
250Cf	6.129 	6.863 	6.279 	6.355 	5.956 	6.080 	6.061 	6.133 	6.092 
251Cf	6.177 	6.710 	6.139 	6.362 	6.176 	6.182 	6.136 	6.190 	6.157 
252Cf	6.217 	6.565 	6.004 	6.341 	6.326 	6.228 	6.278 	6.226 	6.221 
253Cf	6.126 	6.410 	5.868 	6.225 	6.136 	6.123 	6.179 	6.112 	6.118 
254Cf	5.927 	6.263 	5.722 	6.085 	5.996 	5.942 	5.795 	5.933 	5.908 
256Cf	5.564 	5.960 	4.664 	5.608 	5.366 	5.728 	4.882 	5.529 	5.314 
239Es	8.397 	9.012 	8.494 	8.666 	8.156 	8.556 	8.681 	8.690 	8.441 
241Es	8.259 	8.739 	8.199 	8.133 	7.826 	8.264 	8.047 	8.242 	8.115 
242Es	8.160 	8.598 	8.055 	8.201 	7.666 	8.123 	8.008 	8.125 	7.976 
243Es	8.072 	8.461 	7.907 	8.258 	7.656 	8.037 	8.136 	8.180 	8.091 
245Es	7.909 	8.180 	7.623 	7.727 	7.456 	7.897 	7.780 	7.891 	7.950 
247Es	7.464 	7.895 	7.345 	7.170 	7.066 	7.453 	7.420 	7.461 	7.419 
249Es	6.920 	7.607 	7.073 	6.883 	6.656 	7.009 	6.903 	6.983 	6.972 
251Es	6.597 	7.316 	6.808 	6.815 	6.466 	6.566 	6.545 	6.604 	6.585 
252Es	6.739 	7.167 	6.681 	6.828 	6.716 	6.691 	6.688 	6.725 	6.740 
253Es	6.739 	7.022 	6.549 	6.806 	6.846 	6.796 	6.808 	6.741 	6.769 
254Es	6.617 	6.872 	6.426 	6.701 	6.676 	6.622 	6.683 	6.594 	6.632 
255Es	6.436 	6.725 	6.228 	6.541 	6.536 	6.425 	6.375 	6.483 	6.482 
257Es	6.035 	6.426 	5.119 	6.018 	5.936 	6.083 	5.377 	6.103 	6.019 
242Fm	8.701 	9.175 	8.630 	8.608 	8.296 	8.829 	8.867 	8.758 	8.698 
243Fm	8.689 	9.035 	8.495 	8.679 	8.246 	8.693 	8.752 	8.738 	8.706 
244Fm	8.551 	8.903 	8.364 	8.736 	8.226 	8.472 	8.716 	8.631 	8.570 
246Fm	8.379 	8.627 	8.102 	8.210 	7.896 	8.320 	8.356 	8.404 	8.382 
247Fm	8.258 	8.483 	7.971 	7.899 	7.756 	8.226 	8.292 	8.199 	8.232 
248Fm	7.995 	8.347 	7.844 	7.652 	7.576 	7.960 	7.947 	7.958 	7.961 
249Fm	7.709 	8.202 	7.715 	7.500 	7.386 	7.650 	7.670 	7.668 	7.680 
250Fm	7.557 	8.064 	7.592 	7.349 	7.146 	7.534 	7.533 	7.506 	7.508 
251Fm	7.424 	7.917 	7.466 	7.272 	6.996 	7.462 	7.526 	7.398 	7.438 
252Fm	7.154 	7.777 	7.343 	7.270 	6.946 	7.257 	7.157 	7.163 	7.163 
253Fm	7.198 	7.629 	7.220 	7.294 	7.246 	7.228 	7.162 	7.195 	7.212 
254Fm	7.307 	7.488 	7.100 	7.286 	7.296 	7.408 	7.586 	7.318 	7.340 
255Fm	7.241 	7.338 	6.980 	7.161 	7.216 	7.250 	7.424 	7.202 	7.277 
256Fm	7.025 	7.195 	6.689 	7.001 	7.006 	6.964 	6.909 	7.049 	7.060 
257Fm	6.864 	7.045 	6.128 	6.762 	6.706 	6.821 	6.709 	6.858 	6.840 
258Fm	6.669 	6.900 	5.589 	6.457 	6.396 	6.552 	5.882 	6.677 	6.591 
260Fm	6.311 	6.603 	5.380 	5.759 	5.676 	6.177 	5.694 	5.931 	5.834 
245Md	9.010 	9.325 	8.805 	9.368 	8.936 	9.156 	9.278 	9.284 	9.175 
246Md	8.889 	9.188 	8.687 	9.195 	8.776 	9.074 	9.112 	9.149 	9.016 
247Md	8.764 	9.054 	8.565 	8.884 	8.636 	8.879 	9.023 	8.939 	8.906 
248Md	8.497 	8.915 	8.448 	8.567 	8.436 	8.780 	9.353 	8.874 	8.864 
249Md	8.432 	8.779 	8.327 	8.327 	8.276 	8.336 	8.586 	8.579 	8.540 
250Md	8.155 	8.638 	8.212 	8.180 	8.106 	8.101 	8.417 	8.209 	8.266 
251Md	7.963 	8.500 	8.092 	8.028 	7.806 	7.990 	7.986 	7.979 	8.008 
253Md	7.573 	8.219 	7.861 	7.939 	7.596 	7.778 	8.261 	7.663 	7.681 
255Md	7.906 	7.934 	7.633 	7.934 	7.926 	7.925 	8.075 	7.897 	7.903 
257Md	7.557 	7.646 	7.086 	7.626 	7.516 	7.491 	7.550 	7.606 	7.574 
258Md	7.271 	7.499 	6.534 	7.345 	7.166 	7.217 	7.106 	7.298 	7.223 
259Md	7.038 	7.355 	6.047 	7.016 	6.836 	6.943 	6.428 	7.010 	6.881 
261Md	6.781 	7.062 	5.845 	6.307 	6.116 	6.829 	6.379 	6.367 	6.204 
248No	9.301 	9.489 	9.038 	9.559 	9.206 	9.387 	9.160 	9.634 	9.472 
250No	8.951 	9.219 	8.819 	9.038 	8.886 	8.722 	8.716 	9.190 	9.063 
251No	8.752 	9.078 	8.708 	8.872 	8.626 	8.413 	8.510 	8.865 	8.652 
252No	8.549 	8.945 	8.602 	8.686 	8.366 	8.503 	8.616 	8.575 	8.547 
253No	8.415 	8.803 	8.492 	8.609 	8.206 	8.410 	8.280 	8.429 	8.390 
254No	8.226 	8.668 	8.385 	8.608 	8.156 	8.215 	8.176 	8.264 	8.232 
255No	8.428 	8.524 	8.276 	8.621 	8.496 	8.379 	8.359 	8.438 	8.423 
256No	8.582 	8.388 	8.171 	8.579 	8.526 	8.476 	8.936 	8.550 	8.577 
257No	8.477 	8.242 	8.000 	8.437 	8.336 	8.339 	8.524 	8.416 	8.425 
258No	8.152 	8.104 	7.451 	8.233 	8.206 	7.612 	7.174 	8.163 	8.159 
259No	7.854 	7.958 	6.896 	7.930 	7.766 	7.731 	7.431 	7.868 	7.816 
260No	7.706 	7.818 	6.520 	7.576 	7.386 	7.374 	6.278 	7.598 	7.449 
262No	7.305 	7.529 	6.323 	6.849 	6.596 	7.125 	6.339 	6.823 	6.600 
264No	6.799 	7.238 	6.160 	6.335 	6.156 	6.915 	6.269 	6.412 	6.216 
251Lr	9.492 	9.640 	9.296 	9.366 	9.166 	9.396 	9.226 	9.518 	9.261 
253Lr	8.911 	9.371 	9.094 	8.994 	8.676 	9.031 	9.460 	8.927 	8.821 
255Lr	8.546 	9.098 	8.893 	8.924 	8.496 	8.595 	8.624 	8.573 	8.532 
257Lr	9.064 	8.822 	8.691 	8.965 	8.826 	8.858 	9.058 	8.969 	8.825 
259Lr	8.567 	8.543 	7.764 	8.665 	8.496 	8.410 	8.185 	8.667 	8.546 
261Lr	8.121 	8.262 	6.985 	8.001 	7.726 	7.809 	6.920 	7.948 	7.692 
263Lr	7.662 	7.977 	6.793 	7.315 	6.936 	7.554 	6.630 	7.280 	6.933 
265Lr	7.216 	7.690 	6.633 	6.797 	6.476 	7.199 	6.637 	6.793 	6.449 
256Rf	8.928 	9.536 	9.406 	9.169 	8.966 	8.929 	9.039 	8.902 	9.002 
258Rf	9.194 	9.265 	9.138 	9.256 	9.276 	9.212 	9.408 	9.228 	9.252 
260Rf	8.907 	8.991 	8.056 	9.016 	8.876 	8.698 	7.953 	8.992 	8.861 
262Rf	8.493 	8.713 	7.465 	8.381 	8.096 	8.582 	7.473 	8.386 	8.131 
264Rf	8.004 	8.433 	7.278 	7.733 	7.346 	8.065 	7.379 	7.672 	7.348 
266Rf	7.613 	8.150 	7.121 	7.235 	6.906 	7.761 	6.940 	7.203 	6.875 
268Rf	8.005 	7.865 	6.996 	7.725 	7.246 	7.453 	6.983 	7.728 	7.216 
255Db	9.333 	10.219 	10.079 	9.426 	9.396 	10.073 	10.212 	9.353 	9.512 
257Db	9.196 	9.956 	9.904 	9.437 	9.266 	9.411 	9.469 	9.153 	9.290 
259Db	9.612 	9.689 	9.387 	9.541 	9.586 	9.591 	9.832 	9.609 	9.648 
261Db	9.212 	9.419 	8.310 	9.299 	9.206 	9.135 	8.115 	9.219 	9.249 
263Db	8.817 	9.146 	7.937 	8.690 	8.406 	8.877 	8.004 	8.652 	8.439 
265Db	8.385 	8.870 	7.753 	8.062 	7.696 	8.542 	7.378 	8.063 	7.720 
267Db	7.883 	8.591 	7.599 	7.591 	7.276 	8.264 	7.455 	7.541 	7.258 
269Db	8.489 	8.310 	7.476 	8.139 	7.656 	7.880 	7.280 	8.113 	7.645 
258Sg	9.701 	10.383 	10.407 	9.748 	9.566 	9.920 	10.007 	9.553 	9.589 
260Sg	9.905 	10.121 	9.629 	9.883 	9.886 	9.976 	10.174 	9.900 	9.942 
262Sg	9.600 	9.855 	8.632 	9.646 	9.556 	9.640 	9.255 	9.596 	9.603 
264Sg	9.211 	9.587 	8.424 	9.052 	8.836 	9.383 	8.426 	8.990 	8.905 
266Sg	8.808 	9.315 	8.243 	8.436 	8.116 	9.161 	8.679 	8.413 	8.201 
268Sg	8.306 	9.040 	8.092 	7.978 	7.746 	8.609 	7.652 	7.927 	7.699 
270Sg	8.876 	8.763 	7.970 	8.561 	8.216 	8.302 	7.698 	8.571 	8.248 
272Sg	8.625 	8.484 	7.879 	8.419 	8.476 	8.057 	7.707 	8.401 	8.461 
261Bh	10.495 	10.535 	9.845 	10.405 	10.326 	10.608 	10.739 	10.397 	10.347 
263Bh	10.099 	10.274 	9.109 	10.189 	9.996 	10.212 	9.785 	10.184 	10.041 
265Bh	9.649 	10.009 	8.904 	9.602 	9.236 	9.821 	8.912 	9.546 	9.252 
267Bh	9.221 	9.742 	8.726 	8.987 	8.536 	9.599 	8.624 	8.966 	8.551 
269Bh	8.689 	9.471 	8.577 	8.488 	8.236 	9.329 	8.884 	8.469 	8.270 
271Bh	9.412 	9.198 	8.456 	9.045 	8.706 	8.785 	8.292 	9.024 	8.687 
273Bh	9.100 	8.923 	8.365 	8.959 	8.986 	8.536 	8.115 	8.952 	8.990 
264Hs	10.592 	10.699 	9.603 	10.801 	10.506 	10.648 	10.054 	10.678 	10.505 
266Hs	10.344 	10.439 	9.402 	10.211 	9.766 	10.236 	10.101 	10.240 	10.089 
268Hs	9.761 	10.176 	9.226 	9.590 	9.036 	10.020 	8.974 	9.522 	9.007 
270Hs	9.071 	9.910 	9.077 	9.026 	8.786 	9.628 	8.892 	9.003 	8.756 
272Hs	9.785 	9.641 	8.956 	9.527 	9.206 	9.482 	9.041 	9.533 	9.241 
274Hs	9.553 	9.369 	8.864 	9.501 	9.546 	8.985 	8.864 	9.440 	9.535 
276Hs	9.246 	9.095 	8.801 	9.052 	9.186 	8.767 	8.681 	9.029 	9.197 
265Mt	11.090 	11.108 	10.091 	11.526 	11.116 	11.243 	10.701 	11.621 	11.590 
267Mt	10.898 	10.852 	9.892 	10.951 	10.366 	10.793 	10.491 	11.002 	10.858 
269Mt	10.476 	10.593 	9.718 	10.254 	9.716 	10.511 	10.374 	10.364 	10.196 
271Mt	9.899 	10.331 	9.570 	9.680 	9.396 	10.082 	9.975 	9.685 	9.872 
273Mt	10.871 	10.066 	9.448 	10.160 	9.776 	9.834 	10.073 	10.203 	10.230 
275Mt	10.470 	9.798 	9.354 	10.155 	10.116 	9.574 	9.665 	10.217 	10.562 
277Mt	9.883 	9.528 	9.289 	9.639 	9.766 	9.261 	9.901 	9.670 	10.176 
279Mt	9.388 	9.255 	7.648 	9.123 	8.526 	8.864 	7.933 	9.140 	8.880 
281Mt	8.878 	8.980 	8.779 	8.247 	7.686 	8.607 	9.287 	8.354 	8.061 
268Ds	11.704 	11.272 	10.398 	11.574 	11.026 	11.633 	11.975 	11.815 	11.940 
270Ds	11.114 	11.017 	10.225 	10.919 	10.416 	11.145 	11.423 	11.118 	11.242 
272Ds	10.701 	10.759 	10.077 	10.380 	10.066 	10.773 	12.129 	10.519 	10.996 
274Ds	11.697 	10.498 	9.955 	10.868 	10.376 	10.507 	11.520 	10.996 	11.301 
276Ds	11.105 	10.234 	9.859 	10.884 	10.796 	10.310 	11.796 	11.053 	11.721 
278Ds	10.422 	9.968 	9.791 	10.247 	10.296 	9.842 	10.970 	10.395 	11.114 
280Ds	9.716 	9.699 	8.183 	9.432 	8.816 	9.550 	9.490 	9.623 	9.678 
282Ds	9.106 	9.428 	9.284 	8.532 	8.156 	9.273 	10.571 	8.707 	8.989 
284Ds	8.611 	9.155 	8.886 	7.883 	7.836 	8.986 	10.288 	8.139 	8.702 
273Rg	11.147 	11.170 	10.579 	11.015 	10.836 	11.253 	11.894 	11.085 	11.312 
275Rg	11.895 	10.913 	10.455 	11.461 	11.286 	10.937 	11.376 	11.523 	11.718 
277Rg	11.190 	10.653 	10.357 	11.368 	11.486 	10.676 	11.129 	11.443 	11.914 
279Rg	10.518 	10.391 	10.286 	10.598 	10.786 	10.400 	11.421 	10.674 	11.230 
281Rg	9.890 	10.126 	8.717 	9.758 	9.206 	9.866 	9.299 	9.809 	9.578 
283Rg	9.352 	9.858 	9.778 	9.024 	8.576 	9.613 	10.276 	9.150 	9.019 
285Rg	8.887 	9.589 	9.374 	8.456 	8.216 	9.352 	10.049 	8.530 	8.628 
276Cn	11.901 	11.335 	10.970 	11.922 	11.896 	11.232 	11.426 	11.962 	12.061 
278Cn	11.220 	11.080 	10.869 	11.779 	12.156 	10.962 	10.672 	11.728 	12.100 
280Cn	10.687 	10.821 	10.794 	10.863 	11.076 	10.559 	10.593 	10.834 	11.013 
282Cn	10.155 	10.560 	9.270 	10.140 	9.426 	10.381 	9.364 	10.144 	9.437 
284Cn	9.677 	10.296 	10.286 	9.544 	8.966 	9.862 	10.198 	9.486 	8.901 
286Cn	9.208 	10.030 	9.873 	9.037 	8.616 	9.646 	9.720 	9.034 	8.603 
288Cn	9.009 	9.762 	9.491 	9.107 	8.586 	9.414 	9.423 	9.107 	8.551 
279Nh	11.591 	11.489 	9.973 	12.140 	11.866 	11.450 	10.081 	12.148 	11.884 
281Nh	10.986 	11.235 	9.998 	11.284 	10.746 	11.003 	9.901 	11.216 	10.804 
283Nh	10.407 	10.977 	8.454 	10.408 	9.446 	10.709 	8.478 	10.335 	9.453 
285Nh	9.993 	10.717 	9.574 	9.810 	9.116 	10.482 	9.363 	9.757 	9.132 
287Nh	9.636 	10.455 	9.330 	9.345 	8.886 	10.183 	9.598 	9.257 	8.889 
289Nh	9.383 	10.191 	9.133 	9.319 	8.806 	9.842 	8.984 	9.256 	8.768 
284Fl	10.706 	11.402 	9.134 	10.573 	9.516 	11.247 	9.156 	10.539 	9.631 
286Fl	10.364 	11.145 	10.188 	9.970 	9.476 	11.025 	10.506 	9.952 	9.578 
288Fl	10.083 	10.887 	9.927 	9.645 	9.166 	10.574 	9.547 	9.603 	9.196 
290Fl	9.864 	10.626 	9.711 	9.520 	8.836 	10.298 	9.434 	9.448 	8.842 
287Mc	10.694 	11.557 	12.076 	10.502 	10.216 	11.486 	11.861 	10.543 	10.290 
289Mc	10.489 	11.302 	11.640 	10.296 	10.096 	11.186 	11.738 	10.319 	10.171 
291Mc	10.425 	11.045 	11.227 	10.192 	9.726 	10.598 	10.667 	10.159 	9.688 
290Lv	11.080 	11.725 	11.966 	11.084 	11.056 	11.642 	11.692 	11.070 	11.035 
292Lv	10.881 	11.471 	11.539 	11.127 	10.816 	11.468 	11.595 	11.151 	10.865 
291Ts	11.563 	12.132 	12.285 	11.719 	11.746 	12.052 	12.199 	11.636 	11.784 
293Ts	11.322 	11.881 	11.844 	11.622 	11.396 	11.792 	11.904 	11.555 	11.392 
294Og	11.642 	12.298 	12.162 	12.198 	12.366 	12.135 	12.115 	12.017 	12.291 

The alpha separation energies of elements 119-126 under the predictions of four machine learning models. (Unit: MeV)

Z	N	A	LDM-lgb	        DZ-lgb	        WS4-lgb	        FRDM-lgb
119	113	232	17.841±0.006	        #         	        #         	        #         
119	114	233	17.746±0.002	        #         	        #         	        #         
119	115	234	17.740±0.000	        #         	        #         	        #         
119	116	235	17.563±0.017	        #         	        #         	        #         
119	117	236	17.432±0.017	        #         	        #         	        #         
119	118	237	17.293±0.043	        #         	        #         	        #         
119	119	238	17.210±0.057	        #         	        #         	        #         
119	120	239	16.922±0.057	        #         	        #         	        #         
119	121	240	16.602±0.051	        #         	        #         	        #         
119	122	241	16.386±0.034	        #         	        #         	        #         
119	123	242	16.246±0.017	        #         	        #         	        #         
119	124	243	16.053±0.039	        #         	        #         	        #         
119	125	244	15.822±0.046	        #         	        #         	        #         
119	126	245	16.211±0.072	        #         	        #         	        #         
119	127	246	17.131±0.065	        #         	        #         	        #         
119	128	247	17.626±0.043	        #         	        #         	        #         
119	129	248	17.677±0.037	        #         	        #         	        #         
119	130	249	17.436±0.045	        #         	        #         	        #         
119	131	250	17.175±0.055	        #         	        #         	        #         
119	132	251	17.299±0.041	        #         	        #         	        #         
119	133	252	17.210±0.017	        #         	        #         	        #         
119	134	253	17.014±0.028	        #         	        #         	        #         
119	135	254	16.762±0.001	        #         	        #         	        #         
119	136	255	16.819±0.010	        #         	        #         	        #         
119	137	256	16.944±0.000	        #         	        #         	        #         
119	138	257	16.799±0.000	        #         	        #         	        #         
119	139	258	16.651±0.006	        #         	        #         	        #         
119	140	259	16.495±0.003	        #         	        #         	        #         
119	141	260	16.395±0.005	        #         	        #         	        #         
119	142	261	16.237±0.003	        #         	        #         	        #         
119	143	262	16.071±0.003	        #         	        #         	        #         
119	144	263	16.004±0.009	        #         	        #         	        #         
119	145	264	15.971±0.009	        #         	        #         	        #         
119	146	265	15.944±0.004	        #         	        #         	        #         
119	147	266	15.856±0.005	        #         	        #         	        #         
119	148	267	15.661±0.014	        #         	        #         	        #         
119	149	268	15.337±0.017	        #         	        #         	        #         
119	150	269	15.260±0.007	        #         	        #         	        #         
119	151	270	15.136±0.003	        #         	        #         	        #         
119	152	271	15.044±0.010	        #         	        #         	        #         
119	153	272	15.204±0.025	        #         	        #         	        #         
119	154	273	15.301±0.014	        #         	        #         	        #         
119	155	274	15.291±0.002	        #         	        #         	        #         
119	156	275	15.049±0.005	        #         	        #         	        #         
119	157	276	14.981±0.003	14.822±0.002	        #         	        #         
119	158	277	14.825±0.003	14.706±0.002	        #         	        #         
119	159	278	14.728±0.003	14.630±0.003	        #         	        #         
119	160	279	14.604±0.004	14.533±0.001	        #         	        #         
119	161	280	14.536±0.005	14.470±0.004	14.346±0.001	        #         
119	162	281	14.398±0.004	14.369±0.003	14.192±0.002	        #         
119	163	282	14.297±0.003	14.322±0.001	14.053±0.001	        #         
119	164	283	14.207±0.005	14.227±0.004	13.784±0.000	        #         
119	165	284	14.102±0.005	14.197±0.005	13.633±0.001	13.683±0.000
119	166	285	13.995±0.008	14.111±0.004	13.654±0.002	13.988±0.000
119	167	286	13.887±0.003	14.050±0.003	13.485±0.001	13.719±0.002
119	168	287	13.760±0.007	13.989±0.003	13.323±0.000	13.322±0.003
119	169	288	13.664±0.004	12.937±0.006	13.229±0.003	13.491±0.001
119	170	289	13.547±0.005	12.789±0.004	13.164±0.000	13.425±0.001
119	171	290	13.481±0.003	13.657±0.011	13.118±0.003	13.271±0.001
119	172	291	13.306±0.002	13.499±0.093	13.017±0.013	13.176±0.022
119	173	292	13.029±0.007	13.464±0.043	12.922±0.008	13.145±0.002
119	174	293	12.784±0.007	13.272±0.022	12.661±0.001	12.894±0.037
119	175	294	12.843±0.016	12.795±0.032	12.741±0.002	12.854±0.000
119	176	295	12.672±0.007	12.389±0.003	12.708±0.002	12.844±0.000
119	177	296	12.446±0.005	12.133±0.004	12.440±0.003	13.010±0.000
119	178	297	12.377±0.015	11.911±0.004	12.353±0.001	12.824±0.003
119	179	298	12.180±0.005	        #         	12.686±0.001	13.063±0.000
119	180	299	12.063±0.012	        #         	12.673±0.000	13.000±0.004
119	181	300	12.030±0.007	        #         	12.556±0.004	13.050±0.003
119	182	301	11.566±0.009	        #         	12.315±0.001	12.960±0.004
119	183	302	11.594±0.019	        #         	12.356±0.002	13.009±0.002
119	184	303	11.434±0.003	        #         	12.371±0.002	13.026±0.004
119	185	304	11.282±0.005	        #         	12.865±0.002	13.794±0.001
119	186	305	11.126±0.014	        #         	13.349±0.000	13.777±0.001
119	187	306	11.070±0.018	        #         	13.158±0.002	13.842±0.003
119	188	307	10.907±0.008	        #         	12.771±0.003	13.277±0.008
119	189	308	10.853±0.003	        #         	12.128±0.004	12.153±0.000
119	190	309	10.682±0.008	        #         	11.360±0.001	11.605±0.000
119	191	310	10.535±0.012	        #         	10.933±0.002	10.648±0.003
119	192	311	10.498±0.002	        #         	10.791±0.004	10.215±0.002
119	193	312	10.323±0.010	        #         	10.667±0.006	9.853±0.001
119	194	313	10.258±0.003	        #         	9.410±0.003	10.027±0.001
119	195	314	10.133±0.014	        #         	9.046±0.005	9.441±0.002
119	196	315	10.043±0.003	        #         	8.731±0.004	9.328±0.000
119	197	316	9.964±0.002	        #         	8.821±0.008	9.116±0.002
119	198	317	9.849±0.015	        #         	9.236±0.008	9.013±0.008
119	199	318	9.680±0.013	        #         	9.086±0.009	12.460±0.010
119	200	319	9.670±0.022	        #         	9.041±0.044	12.714±0.002
119	201	320	9.540±0.002	        #         	8.865±0.015	12.565±0.032
119	202	321	9.355±0.009	        #         	8.649±0.009	10.027±0.013
119	203	322	9.359±0.009	        #         	8.573±0.006	10.145±0.028
119	204	323	9.190±0.005	        #         	7.935±0.001	10.225±0.010
119	205	324	9.062±0.002	        #         	8.650±0.000	10.072±0.009
119	206	325	8.881±0.007	        #         	8.745±0.003	9.811±0.001
119	207	326	8.750±0.007	        #         	8.819±0.004	9.395±0.002
119	208	327	8.600±0.004	        #         	8.476±0.007	7.828±0.005
119	209	328	8.491±0.003	        #         	8.292±0.007	9.106±0.005
119	210	329	8.338±0.005	        #         	7.872±0.002	8.064±0.003
119	211	330	8.228±0.002	        #         	7.727±0.003	7.912±0.002
119	212	331	8.069±0.004	        #         	7.672±0.001	6.137±0.003
119	213	332	7.959±0.003	        #         	7.628±0.001	6.089±0.003
119	214	333	7.799±0.005	        #         	7.448±0.000	6.159±0.000
119	215	334	7.687±0.003	        #         	7.339±0.002	6.165±0.001
119	216	335	7.525±0.004	        #         	7.070±0.002	6.582±0.000
119	217	336	7.414±0.003	        #         	7.146±0.003	6.454±0.002
119	218	337	7.252±0.004	        #         	6.338±0.002	6.532±0.001
119	219	338	        #         	        #         	6.276±0.003	6.434±0.002
119	220	339	        #         	        #         	5.883±0.002	6.092±0.001
119	221	340	        #         	        #         	6.016±0.003	        #         
119	222	341	        #         	        #         	5.990±0.002	        #         
119	223	342	        #         	        #         	6.051±0.003	        #         
119	224	343	        #         	        #         	5.585±0.002	        #         
119	225	344	        #         	        #         	5.362±0.003	        #         
119	226	345	        #         	        #         	4.962±0.002	        #         
119	227	346	        #         	        #         	4.666±0.003	        #         
119	228	347	        #         	        #         	4.294±0.002	        #         
119	229	348	        #         	        #         	4.429±0.003	        #         
119	230	349	        #         	        #         	4.651±0.002	        #         
119	231	350	        #         	        #         	4.731±0.003	        #         
120	114	234	17.958±0.023	        #         	        #         	        #         
120	115	235	17.857±0.038	        #         	        #         	        #         
120	116	236	17.593±0.057	        #         	        #         	        #         
120	117	237	17.427±0.049	        #         	        #         	        #         
120	118	238	17.203±0.067	        #         	        #         	        #         
120	119	239	17.077±0.095	        #         	        #         	        #         
120	120	240	16.815±0.085	        #         	        #         	        #         
120	121	241	16.553±0.060	        #         	        #         	        #         
120	122	242	16.380±0.050	        #         	        #         	        #         
120	123	243	16.283±0.042	        #         	        #         	        #         
120	124	244	16.171±0.048	        #         	        #         	        #         
120	125	245	16.005±0.072	        #         	        #         	        #         
120	126	246	16.332±0.065	        #         	        #         	        #         
120	127	247	17.273±0.071	        #         	        #         	        #         
120	128	248	17.947±0.093	        #         	        #         	        #         
120	129	249	17.858±0.058	        #         	        #         	        #         
120	130	250	17.602±0.072	        #         	        #         	        #         
120	131	251	17.393±0.084	        #         	        #         	        #         
120	132	252	17.473±0.074	        #         	        #         	        #         
120	133	253	17.523±0.049	        #         	        #         	        #         
120	134	254	17.475±0.025	        #         	        #         	        #         
120	135	255	17.173±0.015	        #         	        #         	        #         
120	136	256	17.223±0.037	        #         	        #         	        #         
120	137	257	17.277±0.036	        #         	        #         	        #         
120	138	258	17.137±0.047	        #         	        #         	        #         
120	139	259	17.008±0.048	        #         	        #         	        #         
120	140	260	16.866±0.049	        #         	        #         	        #         
120	141	261	16.725±0.059	        #         	        #         	        #         
120	142	262	16.640±0.058	        #         	        #         	        #         
120	143	263	16.476±0.065	        #         	        #         	        #         
120	144	264	16.456±0.072	        #         	        #         	        #         
120	145	265	16.367±0.075	        #         	        #         	        #         
120	146	266	16.369±0.073	        #         	        #         	        #         
120	147	267	16.304±0.075	        #         	        #         	        #         
120	148	268	16.104±0.075	        #         	        #         	        #         
120	149	269	15.770±0.083	        #         	        #         	        #         
120	150	270	15.768±0.062	        #         	        #         	        #         
120	151	271	15.597±0.067	        #         	        #         	        #         
120	152	272	15.468±0.065	15.644±0.009	        #         	        #         
120	153	273	15.680±0.047	15.669±0.063	        #         	        #         
120	154	274	15.758±0.049	15.871±0.089	        #         	        #         
120	155	275	15.752±0.068	15.966±0.002	        #         	        #         
120	156	276	15.518±0.071	15.308±0.002	        #         	        #         
120	157	277	15.423±0.070	15.220±0.001	        #         	        #         
120	158	278	15.309±0.068	15.118±0.000	        #         	        #         
120	159	279	15.192±0.073	15.033±0.000	        #         	        #         
120	160	280	15.071±0.069	14.930±0.001	        #         	        #         
120	161	281	14.980±0.071	14.860±0.001	        #         	        #         
120	162	282	14.849±0.071	14.761±0.002	        #         	        #         
120	163	283	14.785±0.076	14.715±0.000	14.397±0.001	        #         
120	164	284	14.657±0.075	14.609±0.002	14.037±0.000	        #         
120	165	285	14.549±0.079	14.547±0.002	13.927±0.001	        #         
120	166	286	14.452±0.078	14.491±0.002	14.102±0.000	        #         
120	167	287	14.313±0.078	14.414±0.000	13.916±0.000	13.810±0.005
120	168	288	14.215±0.079	14.353±0.006	13.773±0.000	13.794±0.001
120	169	289	14.114±0.088	13.430±0.001	13.782±0.002	13.615±0.004
120	170	290	14.007±0.085	13.240±0.003	13.714±0.000	13.651±0.000
120	171	291	13.900±0.088	14.056±0.003	13.578±0.000	13.738±0.006
120	172	292	13.780±0.085	13.771±0.006	13.506±0.000	13.658±0.003
120	173	293	13.618±0.093	13.667±0.002	13.413±0.010	13.541±0.002
120	174	294	13.372±0.085	13.087±0.000	13.218±0.005	13.346±0.013
120	175	295	13.325±0.089	13.477±0.172	13.301±0.004	13.341±0.007
120	176	296	13.090±0.084	12.702±0.080	13.376±0.001	13.506±0.011
120	177	297	12.969±0.093	12.680±0.004	13.137±0.007	13.570±0.005
120	178	298	12.845±0.085	        #         	12.951±0.005	13.078±0.000
120	179	299	12.719±0.087	        #         	13.265±0.003	13.679±0.003
120	180	300	12.532±0.049	        #         	13.297±0.001	13.510±0.001
120	181	301	12.468±0.112	        #         	13.069±0.000	13.541±0.004
120	182	302	12.339±0.088	        #         	12.877±0.004	13.437±0.002
120	183	303	12.065±0.068	        #         	12.821±0.004	13.402±0.000
120	184	304	11.858±0.078	        #         	12.726±0.000	13.391±0.001
120	185	305	11.825±0.082	        #         	13.252±0.001	14.130±0.002
120	186	306	11.543±0.061	        #         	13.782±0.005	14.129±0.008
120	187	307	11.523±0.064	        #         	13.492±0.002	13.445±0.003
120	188	308	11.363±0.042	        #         	12.927±0.005	12.822±0.004
120	189	309	11.262±0.040	        #         	12.152±0.000	11.585±0.004
120	190	310	11.133±0.044	        #         	11.519±0.002	11.165±0.002
120	191	311	11.101±0.024	        #         	11.223±0.002	10.611±0.005
120	192	312	10.876±0.012	        #         	11.257±0.003	10.584±0.000
120	193	313	10.782±0.003	        #         	11.055±0.001	10.355±0.000
120	194	314	10.698±0.014	        #         	10.775±0.002	10.169±0.000
120	195	315	10.483±0.010	        #         	9.463±0.009	9.969±0.001
120	196	316	10.428±0.003	        #         	9.183±0.004	9.737±0.002
120	197	317	10.343±0.018	        #         	9.992±0.003	9.605±0.001
120	198	318	10.291±0.006	        #         	10.065±0.008	9.540±0.004
120	199	319	10.207±0.009	        #         	9.912±0.003	12.955±0.001
120	200	320	10.025±0.017	        #         	9.671±0.006	13.025±0.005
120	201	321	9.868±0.007	        #         	9.418±0.026	12.657±0.005
120	202	322	9.836±0.013	        #         	9.358±0.042	10.304±0.009
120	203	323	9.629±0.009	        #         	9.020±0.007	10.180±0.012
120	204	324	9.616±0.007	        #         	7.953±0.003	10.558±0.009
120	205	325	9.554±0.002	        #         	7.732±0.008	10.270±0.022
120	206	326	9.416±0.004	        #         	9.267±0.001	10.164±0.007
120	207	327	9.277±0.001	        #         	8.674±0.001	8.414±0.000
120	208	328	9.085±0.008	        #         	8.465±0.002	8.261±0.009
120	209	329	8.964±0.005	        #         	8.604±0.000	8.082±0.002
120	210	330	8.823±0.005	        #         	8.385±0.006	7.834±0.006
120	211	331	8.704±0.003	        #         	8.112±0.008	6.739±0.008
120	212	332	8.562±0.006	        #         	7.979±0.001	6.320±0.003
120	213	333	8.442±0.003	        #         	7.977±0.003	6.360±0.001
120	214	334	8.295±0.006	        #         	7.909±0.001	6.308±0.005
120	215	335	8.175±0.003	        #         	7.765±0.001	7.392±0.000
120	216	336	8.026±0.006	        #         	6.533±0.001	7.285±0.000
120	217	337	7.904±0.002	        #         	6.310±0.002	7.078±0.003
120	218	338	7.753±0.004	        #         	6.334±0.001	6.857±0.002
120	219	339	7.634±0.002	        #         	7.563±0.002	6.597±0.003
120	220	340	        #         	        #         	6.800±0.001	        #         
120	221	341	        #         	        #         	6.844±0.003	        #         
120	222	342	        #         	        #         	6.840±0.001	        #         
120	223	343	        #         	        #         	6.665±0.003	        #         
120	224	344	        #         	        #         	6.386±0.001	        #         
120	225	345	        #         	        #         	6.147±0.003	        #         
120	226	346	        #         	        #         	5.840±0.001	        #         
120	227	347	        #         	        #         	5.273±0.003	        #         
120	228	348	        #         	        #         	4.751±0.001	        #         
120	229	349	        #         	        #         	4.880±0.003	        #         
120	230	350	        #         	        #         	5.231±0.001	        #         
121	115	236	17.993±0.047	        #         	        #         	        #         
121	116	237	17.720±0.071	        #         	        #         	        #         
121	117	238	17.546±0.068	        #         	        #         	        #         
121	118	239	17.375±0.079	        #         	        #         	        #         
121	119	240	17.219±0.101	        #         	        #         	        #         
121	120	241	16.949±0.108	        #         	        #         	        #         
121	121	242	16.617±0.084	        #         	        #         	        #         
121	122	243	16.409±0.056	        #         	        #         	        #         
121	123	244	16.329±0.042	        #         	        #         	        #         
121	124	245	16.187±0.049	        #         	        #         	        #         
121	125	246	15.955±0.054	        #         	        #         	        #         
121	126	247	16.288±0.053	        #         	        #         	        #         
121	127	248	17.328±0.074	        #         	        #         	        #         
121	128	249	18.055±0.061	        #         	        #         	        #         
121	129	250	18.033±0.058	        #         	        #         	        #         
121	130	251	17.793±0.068	        #         	        #         	        #         
121	131	252	17.652±0.085	        #         	        #         	        #         
121	132	253	17.865±0.076	        #         	        #         	        #         
121	133	254	17.939±0.047	        #         	        #         	        #         
121	134	255	17.876±0.019	        #         	        #         	        #         
121	135	256	17.643±0.014	        #         	        #         	        #         
121	136	257	17.475±0.047	        #         	        #         	        #         
121	137	258	17.613±0.076	        #         	        #         	        #         
121	138	259	17.468±0.084	        #         	        #         	        #         
121	139	260	17.438±0.074	        #         	        #         	        #         
121	140	261	17.245±0.081	        #         	        #         	        #         
121	141	262	17.141±0.081	        #         	        #         	        #         
121	142	263	16.994±0.083	        #         	        #         	        #         
121	143	264	16.880±0.084	        #         	        #         	        #         
121	144	265	16.791±0.087	        #         	        #         	        #         
121	145	266	16.771±0.097	        #         	        #         	        #         
121	146	267	16.735±0.090	        #         	        #         	        #         
121	147	268	16.684±0.087	        #         	        #         	        #         
121	148	269	16.483±0.098	        #         	        #         	        #         
121	149	270	16.187±0.095	        #         	        #         	        #         
121	150	271	16.087±0.086	        #         	        #         	        #         
121	151	272	16.049±0.085	        #         	        #         	        #         
121	152	273	15.850±0.081	        #         	        #         	        #         
121	153	274	16.110±0.062	        #         	        #         	        #         
121	154	275	16.114±0.074	        #         	        #         	        #         
121	155	276	16.143±0.084	        #         	        #         	        #         
121	156	277	15.940±0.086	        #         	        #         	        #         
121	157	278	15.842±0.087	        #         	        #         	        #         
121	158	279	15.741±0.090	        #         	        #         	        #         
121	159	280	15.611±0.090	15.445±0.002	        #         	        #         
121	160	281	15.517±0.090	15.335±0.002	        #         	        #         
121	161	282	15.387±0.090	15.255±0.003	        #         	        #         
121	162	283	15.285±0.091	15.150±0.003	        #         	        #         
121	163	284	15.172±0.090	15.088±0.003	        #         	        #         
121	164	285	15.084±0.092	14.997±0.001	        #         	        #         
121	165	286	14.966±0.095	14.925±0.004	14.368±0.004	        #         
121	166	287	14.829±0.096	14.845±0.000	14.526±0.000	        #         
121	167	288	14.763±0.100	14.790±0.006	14.521±0.003	        #         
121	168	289	14.609±0.100	14.710±0.001	14.393±0.001	        #         
121	169	290	14.575±0.101	13.948±0.005	14.494±0.004	14.081±0.004
121	170	291	14.428±0.102	13.716±0.001	14.407±0.002	14.202±0.001
121	171	292	14.372±0.109	14.456±0.002	14.402±0.002	13.935±0.006
121	172	293	14.210±0.109	14.112±0.003	14.102±0.000	13.889±0.005
121	173	294	14.136±0.111	13.923±0.001	14.184±0.000	14.342±0.004
121	174	295	13.947±0.116	13.612±0.013	13.956±0.008	14.132±0.009
121	175	296	13.899±0.105	13.325±0.024	14.073±0.016	14.177±0.014
121	176	297	13.625±0.103	13.230±0.127	14.138±0.010	14.350±0.024
121	177	298	13.403±0.104	        #         	13.948±0.003	14.501±0.051
121	178	299	13.340±0.110	        #         	13.629±0.002	14.018±0.003
121	179	300	13.307±0.107	        #         	13.877±0.001	13.824±0.005
121	180	301	13.000±0.101	        #         	13.803±0.004	14.177±0.003
121	181	302	12.983±0.109	        #         	13.540±0.001	13.951±0.006
121	182	303	12.749±0.099	        #         	13.310±0.001	14.002±0.001
121	183	304	12.683±0.102	        #         	13.325±0.001	13.979±0.006
121	184	305	12.605±0.101	        #         	13.287±0.006	13.981±0.000
121	185	306	12.217±0.097	        #         	13.814±0.002	14.613±0.005
121	186	307	12.120±0.103	        #         	14.297±0.003	14.663±0.005
121	187	308	12.037±0.097	        #         	14.100±0.010	13.614±0.005
121	188	309	11.798±0.084	        #         	13.221±0.003	12.898±0.004
121	189	310	11.696±0.095	        #         	12.461±0.003	11.739±0.003
121	190	311	11.621±0.044	        #         	11.788±0.002	11.664±0.001
121	191	312	11.517±0.066	        #         	11.701±0.009	11.529±0.007
121	192	313	11.432±0.043	        #         	11.696±0.006	11.507±0.005
121	193	314	11.287±0.034	        #         	11.569±0.003	11.288±0.004
121	194	315	11.063±0.022	        #         	11.252±0.002	11.120±0.001
121	195	316	11.044±0.025	        #         	10.198±0.004	10.897±0.004
121	196	317	10.885±0.023	        #         	10.778±0.002	10.651±0.003
121	197	318	10.766±0.031	        #         	10.839±0.006	10.569±0.000
121	198	319	10.703±0.025	        #         	10.813±0.003	10.249±0.001
121	199	320	10.634±0.036	        #         	10.741±0.001	10.171±0.001
121	200	321	10.552±0.016	        #         	10.589±0.008	9.974±0.001
121	201	322	10.432±0.019	        #         	10.340±0.008	9.813±0.002
121	202	323	10.251±0.006	        #         	10.113±0.011	9.536±0.015
121	203	324	10.201±0.002	        #         	9.846±0.058	9.526±0.049
121	204	325	10.118±0.004	        #         	9.628±0.022	9.497±0.011
121	205	326	9.950±0.030	        #         	9.274±0.010	9.193±0.027
121	206	327	9.929±0.013	        #         	11.203±0.011	9.022±0.027
121	207	328	9.847±0.002	        #         	9.525±0.005	8.986±0.028
121	208	329	9.670±0.010	        #         	8.892±0.003	8.651±0.005
121	209	330	9.531±0.012	        #         	8.567±0.005	8.568±0.001
121	210	331	9.333±0.004	        #         	8.797±0.001	6.469±0.003
121	211	332	9.234±0.006	        #         	8.647±0.001	6.169±0.002
121	212	333	9.079±0.005	        #         	8.523±0.007	6.719±0.006
121	213	334	8.968±0.005	        #         	8.395±0.000	6.604±0.003
121	214	335	8.820±0.004	        #         	8.151±0.003	7.999±0.003
121	215	336	8.702±0.006	        #         	7.968±0.001	7.932±0.000
121	216	337	8.554±0.005	        #         	7.783±0.003	7.737±0.002
121	217	338	8.439±0.005	        #         	7.914±0.002	7.637±0.002
121	218	339	8.287±0.005	        #         	7.906±0.001	7.395±0.002
121	219	340	8.167±0.007	        #         	7.737±0.001	        #         
121	220	341	8.016±0.006	        #         	8.167±0.002	        #         
121	221	342	        #         	        #         	7.626±0.001	        #         
121	222	343	        #         	        #         	7.742±0.003	        #         
121	223	344	        #         	        #         	7.487±0.001	        #         
121	224	345	        #         	        #         	7.175±0.003	        #         
121	225	346	        #         	        #         	6.639±0.001	        #         
121	226	347	        #         	        #         	6.324±0.003	        #         
121	227	348	        #         	        #         	5.747±0.001	        #         
121	228	349	        #         	        #         	5.352±0.003	        #         
121	229	350	        #         	        #         	5.573±0.001	        #         
122	116	238	17.813±0.103	        #         	        #         	        #         
122	117	239	17.678±0.088	        #         	        #         	        #         
122	118	240	17.552±0.099	        #         	        #         	        #         
122	119	241	17.472±0.117	        #         	        #         	        #         
122	120	242	17.185±0.123	        #         	        #         	        #         
122	121	243	16.895±0.077	        #         	        #         	        #         
122	122	244	16.740±0.071	        #         	        #         	        #         
122	123	245	16.622±0.061	        #         	        #         	        #         
122	124	246	16.411±0.059	        #         	        #         	        #         
122	125	247	16.102±0.056	        #         	        #         	        #         
122	126	248	16.409±0.054	        #         	        #         	        #         
122	127	249	17.476±0.074	        #         	        #         	        #         
122	128	250	18.227±0.088	        #         	        #         	        #         
122	129	251	18.298±0.077	        #         	        #         	        #         
122	130	252	18.064±0.061	        #         	        #         	        #         
122	131	253	18.068±0.083	        #         	        #         	        #         
122	132	254	18.330±0.086	        #         	        #         	        #         
122	133	255	18.443±0.049	        #         	        #         	        #         
122	134	256	18.287±0.028	        #         	        #         	        #         
122	135	257	18.082±0.014	        #         	        #         	        #         
122	136	258	17.782±0.043	        #         	        #         	        #         
122	137	259	17.877±0.086	        #         	        #         	        #         
122	138	260	17.778±0.079	        #         	        #         	        #         
122	139	261	17.716±0.081	        #         	        #         	        #         
122	140	262	17.623±0.086	        #         	        #         	        #         
122	141	263	17.476±0.082	        #         	        #         	        #         
122	142	264	17.344±0.084	        #         	        #         	        #         
122	143	265	17.299±0.078	        #         	        #         	        #         
122	144	266	17.110±0.080	        #         	        #         	        #         
122	145	267	17.090±0.079	        #         	        #         	        #         
122	146	268	16.972±0.080	        #         	        #         	        #         
122	147	269	16.976±0.065	        #         	        #         	        #         
122	148	270	16.749±0.073	        #         	        #         	        #         
122	149	271	16.467±0.070	        #         	        #         	        #         
122	150	272	16.361±0.078	        #         	        #         	        #         
122	151	273	16.325±0.072	        #         	        #         	        #         
122	152	274	16.127±0.075	        #         	        #         	        #         
122	153	275	16.383±0.047	        #         	        #         	        #         
122	154	276	16.408±0.056	16.750±0.064	        #         	        #         
122	155	277	16.370±0.068	16.577±0.059	        #         	        #         
122	156	278	16.218±0.077	16.202±0.006	        #         	        #         
122	157	279	16.135±0.073	16.086±0.005	        #         	        #         
122	158	280	15.989±0.081	15.953±0.007	        #         	        #         
122	159	281	15.963±0.072	15.899±0.009	        #         	        #         
122	160	282	15.795±0.080	15.776±0.007	        #         	        #         
122	161	283	15.755±0.069	15.728±0.006	        #         	        #         
122	162	284	15.587±0.071	15.593±0.007	        #         	        #         
122	163	285	15.524±0.068	15.546±0.008	        #         	        #         
122	164	286	15.385±0.069	15.430±0.006	        #         	        #         
122	165	287	15.328±0.064	15.387±0.007	        #         	        #         
122	166	288	15.184±0.074	15.268±0.008	        #         	        #         
122	167	289	15.118±0.067	15.253±0.006	15.023±0.002	        #         
122	168	290	14.986±0.075	15.126±0.006	15.048±0.002	        #         
122	169	291	14.919±0.069	14.504±0.007	15.083±0.001	        #         
122	170	292	14.770±0.078	14.241±0.007	14.990±0.002	        #         
122	171	293	14.704±0.071	14.851±0.007	14.824±0.001	        #         
122	172	294	14.552±0.082	14.530±0.006	14.630±0.002	14.397±0.003
122	173	295	14.510±0.073	14.300±0.008	14.770±0.000	14.441±0.001
122	174	296	14.368±0.078	14.010±0.008	14.690±0.002	14.862±0.002
122	175	297	14.292±0.077	13.747±0.010	14.674±0.001	14.862±0.003
122	176	298	14.077±0.084	        #         	14.631±0.006	15.052±0.003
122	177	299	13.906±0.073	        #         	14.487±0.002	14.594±0.007
122	178	300	13.821±0.079	        #         	14.195±0.003	14.637±0.011
122	179	301	13.700±0.077	        #         	14.328±0.003	14.419±0.004
122	180	302	13.447±0.082	        #         	14.167±0.005	14.737±0.010
122	181	303	13.367±0.073	        #         	13.892±0.001	14.505±0.002
122	182	304	13.175±0.074	        #         	13.668±0.000	14.563±0.005
122	183	305	13.073±0.041	        #         	13.777±0.000	14.474±0.001
122	184	306	12.954±0.098	        #         	13.762±0.000	14.578±0.002
122	185	307	12.872±0.085	        #         	14.416±0.003	15.239±0.004
122	186	308	12.578±0.068	        #         	14.891±0.002	15.212±0.002
122	187	309	12.400±0.072	        #         	14.275±0.000	13.715±0.001
122	188	310	12.306±0.084	        #         	13.399±0.003	13.054±0.002
122	189	311	12.120±0.073	        #         	12.724±0.006	12.646±0.002
122	190	312	12.055±0.072	        #         	12.139±0.003	12.646±0.000
122	191	313	11.811±0.062	        #         	12.160±0.003	12.628±0.001
122	192	314	11.758±0.048	        #         	12.085±0.002	12.476±0.002
122	193	315	11.630±0.059	        #         	12.042±0.004	12.400±0.002
122	194	316	11.581±0.059	        #         	11.699±0.005	12.136±0.002
122	195	317	11.378±0.041	        #         	11.460±0.003	11.984±0.003
122	196	318	11.212±0.035	        #         	10.691±0.003	11.708±0.003
122	197	319	11.264±0.040	        #         	11.738±0.006	11.585±0.006
122	198	320	10.969±0.035	        #         	11.700±0.002	11.297±0.003
122	199	321	10.972±0.037	        #         	11.607±0.001	11.176±0.005
122	200	322	10.766±0.040	        #         	11.227±0.001	10.612±0.010
122	201	323	10.745±0.040	        #         	11.148±0.001	10.340±0.006
122	202	324	10.611±0.041	        #         	12.211±0.004	10.112±0.005
122	203	325	10.554±0.019	        #         	12.074±0.007	8.769±0.005
122	204	326	10.350±0.019	        #         	10.221±0.004	9.812±0.001
122	205	327	10.378±0.021	        #         	10.091±0.039	9.868±0.008
122	206	328	10.195±0.035	        #         	11.758±0.017	9.624±0.042
122	207	329	10.047±0.043	        #         	11.784±0.016	9.325±0.022
122	208	330	10.002±0.018	        #         	9.130±0.002	9.181±0.023
122	209	331	9.895±0.027	        #         	9.248±0.003	8.730±0.006
122	210	332	9.714±0.032	        #         	9.008±0.005	7.148±0.014
122	211	333	9.605±0.035	        #         	9.100±0.006	7.139±0.002
122	212	334	9.400±0.027	        #         	8.798±0.003	6.904±0.006
122	213	335	9.318±0.032	        #         	8.819±0.002	8.696±0.005
122	214	336	9.146±0.032	        #         	8.585±0.003	8.604±0.010
122	215	337	9.055±0.030	        #         	8.409±0.002	8.481±0.009
122	216	338	8.889±0.031	        #         	8.154±0.004	8.290±0.009
122	217	339	8.790±0.031	        #         	8.339±0.002	8.198±0.003
122	218	340	8.625±0.028	        #         	9.259±0.000	        #         
122	219	341	8.526±0.028	        #         	9.140±0.004	        #         
122	220	342	8.361±0.028	        #         	9.050±0.003	        #         
122	221	343	8.258±0.030	        #         	7.650±0.003	        #         
122	222	344	        #         	        #         	8.159±0.002	        #         
122	223	345	        #         	        #         	8.082±0.003	        #         
122	224	346	        #         	        #         	7.746±0.001	        #         
122	225	347	        #         	        #         	7.335±0.003	        #         
122	226	348	        #         	        #         	6.668±0.001	        #         
122	227	349	        #         	        #         	6.189±0.003	        #         
122	228	350	        #         	        #         	5.740±0.001	        #         
123	117	240	17.383±0.113	        #         	        #         	        #         
123	118	241	17.262±0.121	        #         	        #         	        #         
123	119	242	17.185±0.135	        #         	        #         	        #         
123	120	243	17.005±0.116	        #         	        #         	        #         
123	121	244	16.806±0.080	        #         	        #         	        #         
123	122	245	16.670±0.074	        #         	        #         	        #         
123	123	246	16.577±0.072	        #         	        #         	        #         
123	124	247	16.314±0.082	        #         	        #         	        #         
123	125	248	16.014±0.087	        #         	        #         	        #         
123	126	249	16.209±0.098	        #         	        #         	        #         
123	127	250	17.441±0.112	        #         	        #         	        #         
123	128	251	18.436±0.111	        #         	        #         	        #         
123	129	252	18.535±0.111	        #         	        #         	        #         
123	130	253	18.493±0.080	        #         	        #         	        #         
123	131	254	18.480±0.082	        #         	        #         	        #         
123	132	255	18.574±0.085	        #         	        #         	        #         
123	133	256	18.457±0.050	        #         	        #         	        #         
123	134	257	18.164±0.043	        #         	        #         	        #         
123	135	258	17.988±0.047	        #         	        #         	        #         
123	136	259	17.743±0.072	        #         	        #         	        #         
123	137	260	17.784±0.108	        #         	        #         	        #         
123	138	261	17.718±0.111	        #         	        #         	        #         
123	139	262	17.674±0.103	        #         	        #         	        #         
123	140	263	17.523±0.107	        #         	        #         	        #         
123	141	264	17.439±0.113	        #         	        #         	        #         
123	142	265	17.309±0.108	        #         	        #         	        #         
123	143	266	17.271±0.111	        #         	        #         	        #         
123	144	267	17.168±0.112	        #         	        #         	        #         
123	145	268	17.046±0.118	        #         	        #         	        #         
123	146	269	17.031±0.117	        #         	        #         	        #         
123	147	270	16.916±0.105	        #         	        #         	        #         
123	148	271	16.747±0.113	        #         	        #         	        #         
123	149	272	16.442±0.119	        #         	        #         	        #         
123	150	273	16.419±0.108	        #         	        #         	        #         
123	151	274	16.296±0.118	        #         	        #         	        #         
123	152	275	16.166±0.104	        #         	        #         	        #         
123	153	276	16.377±0.084	        #         	        #         	        #         
123	154	277	16.497±0.093	        #         	        #         	        #         
123	155	278	16.372±0.100	        #         	        #         	        #         
123	156	279	16.220±0.107	        #         	        #         	        #         
123	157	280	16.180±0.112	        #         	        #         	        #         
123	158	281	16.056±0.115	        #         	        #         	        #         
123	159	282	15.974±0.121	        #         	        #         	        #         
123	160	283	15.856±0.116	        #         	        #         	        #         
123	161	284	15.788±0.118	        #         	        #         	        #         
123	162	285	15.692±0.115	        #         	        #         	        #         
123	163	286	15.579±0.112	        #         	        #         	        #         
123	164	287	15.464±0.111	        #         	        #         	        #         
123	165	288	15.384±0.105	        #         	        #         	        #         
123	166	289	15.255±0.109	        #         	        #         	        #         
123	167	290	15.174±0.107	        #         	        #         	        #         
123	168	291	15.072±0.111	        #         	        #         	        #         
123	169	292	14.960±0.104	        #         	15.455±0.003	        #         
123	170	293	14.882±0.113	        #         	15.382±0.001	        #         
123	171	294	14.721±0.108	        #         	15.098±0.003	        #         
123	172	295	14.661±0.111	        #         	14.952±0.001	        #         
123	173	296	14.549±0.105	        #         	15.032±0.000	        #         
123	174	297	14.451±0.109	        #         	15.217±0.003	15.139±0.003
123	175	298	14.375±0.106	        #         	15.144±0.004	14.832±0.004
123	176	299	14.262±0.110	        #         	15.128±0.002	14.992±0.003
123	177	300	14.091±0.109	        #         	14.808±0.009	14.921±0.008
123	178	301	13.985±0.110	        #         	14.466±0.015	14.952±0.020
123	179	302	13.866±0.101	        #         	14.625±0.004	14.805±0.045
123	180	303	13.534±0.104	        #         	14.599±0.002	15.138±0.049
123	181	304	13.484±0.111	        #         	14.366±0.001	15.099±0.002
123	182	305	13.403±0.106	        #         	14.232±0.001	15.080±0.004
123	183	306	13.146±0.102	        #         	14.242±0.004	15.198±0.004
123	184	307	13.088±0.114	        #         	14.265±0.001	15.151±0.006
123	185	308	12.905±0.102	        #         	14.837±0.001	15.803±0.001
123	186	309	12.771±0.102	        #         	15.266±0.002	15.786±0.005
123	187	310	12.737±0.117	        #         	14.577±0.004	14.028±0.000
123	188	311	12.356±0.112	        #         	13.673±0.001	13.261±0.001
123	189	312	12.222±0.116	        #         	12.909±0.003	13.254±0.004
123	190	313	12.184±0.111	        #         	12.680±0.007	13.327±0.001
123	191	314	11.913±0.112	        #         	12.646±0.004	13.216±0.002
123	192	315	11.762±0.140	        #         	12.638±0.001	13.136±0.001
123	193	316	11.722±0.089	        #         	12.529±0.000	12.989±0.000
123	194	317	11.523±0.098	        #         	12.195±0.001	12.711±0.004
123	195	318	11.483±0.116	        #         	11.887±0.005	12.566±0.003
123	196	319	11.298±0.108	        #         	11.525±0.001	12.299±0.003
123	197	320	11.115±0.091	        #         	12.251±0.002	12.221±0.002
123	198	321	10.987±0.083	        #         	12.244±0.007	11.975±0.006
123	199	322	10.938±0.100	        #         	12.122±0.010	11.786±0.005
123	200	323	10.727±0.092	        #         	11.789±0.003	11.324±0.004
123	201	324	10.685±0.093	        #         	11.663±0.018	10.886±0.006
123	202	325	10.543±0.113	        #         	12.283±0.004	10.533±0.009
123	203	326	10.446±0.105	        #         	12.434±0.008	10.316±0.006
123	204	327	10.341±0.112	        #         	12.296±0.013	10.141±0.007
123	205	328	10.184±0.083	        #         	12.320±0.008	10.126±0.007
123	206	329	10.009±0.088	        #         	12.113±0.011	9.692±0.004
123	207	330	9.981±0.090	        #         	12.294±0.027	9.683±0.000
123	208	331	9.779±0.112	        #         	10.121±0.035	9.116±0.040
123	209	332	9.723±0.125	        #         	9.908±0.015	9.072±0.016
123	210	333	9.677±0.099	        #         	9.711±0.003	9.478±0.019
123	211	334	9.556±0.101	        #         	9.524±0.006	7.736±0.007
123	212	335	9.401±0.107	        #         	9.548±0.012	9.346±0.003
123	213	336	9.234±0.106	        #         	9.425±0.010	9.169±0.002
123	214	337	9.089±0.103	        #         	7.315±0.009	8.962±0.008
123	215	338	8.976±0.108	        #         	7.255±0.004	8.871±0.012
123	216	339	8.838±0.107	        #         	7.177±0.003	8.723±0.012
123	217	340	8.721±0.107	        #         	9.010±0.007	        #         
123	218	341	8.582±0.105	        #         	8.726±0.008	        #         
123	219	342	8.458±0.105	        #         	8.492±0.008	        #         
123	220	343	8.319±0.103	        #         	8.203±0.007	        #         
123	221	344	8.196±0.103	        #         	8.026±0.009	        #         
123	222	345	8.057±0.102	        #         	7.835±0.009	        #         
123	223	346	        #         	        #         	8.139±0.008	        #         
123	224	347	        #         	        #         	7.942±0.008	        #         
123	225	348	        #         	        #         	7.806±0.008	        #         
123	226	349	        #         	        #         	7.205±0.008	        #         
123	227	350	        #         	        #         	6.838±0.008	        #         
124	118	242	17.131±0.046	        #         	        #         	        #         
124	119	243	16.992±0.076	        #         	        #         	        #         
124	120	244	16.873±0.089	        #         	        #         	        #         
124	121	245	16.754±0.063	        #         	        #         	        #         
124	122	246	16.725±0.045	        #         	        #         	        #         
124	123	247	16.512±0.050	        #         	        #         	        #         
124	124	248	16.362±0.043	        #         	        #         	        #         
124	125	249	16.026±0.044	        #         	        #         	        #         
124	126	250	16.194±0.076	        #         	        #         	        #         
124	127	251	17.580±0.091	        #         	        #         	        #         
124	128	252	18.681±0.089	        #         	        #         	        #         
124	129	253	18.926±0.062	        #         	        #         	        #         
124	130	254	18.909±0.058	        #         	        #         	        #         
124	131	255	18.857±0.046	        #         	        #         	        #         
124	132	256	18.647±0.044	        #         	        #         	        #         
124	133	257	18.496±0.021	        #         	        #         	        #         
124	134	258	18.162±0.007	        #         	        #         	        #         
124	135	259	17.918±0.003	        #         	        #         	        #         
124	136	260	17.789±0.014	        #         	        #         	        #         
124	137	261	17.710±0.046	        #         	        #         	        #         
124	138	262	17.627±0.068	        #         	        #         	        #         
124	139	263	17.487±0.060	        #         	        #         	        #         
124	140	264	17.359±0.071	        #         	        #         	        #         
124	141	265	17.188±0.069	        #         	        #         	        #         
124	142	266	17.140±0.068	        #         	        #         	        #         
124	143	267	17.080±0.077	        #         	        #         	        #         
124	144	268	17.039±0.085	        #         	        #         	        #         
124	145	269	16.873±0.086	        #         	        #         	        #         
124	146	270	16.876±0.088	        #         	        #         	        #         
124	147	271	16.777±0.078	        #         	        #         	        #         
124	148	272	16.585±0.084	        #         	        #         	        #         
124	149	273	16.286±0.096	        #         	        #         	        #         
124	150	274	16.286±0.091	        #         	        #         	        #         
124	151	275	16.186±0.091	        #         	        #         	        #         
124	152	276	16.046±0.074	        #         	        #         	        #         
124	153	277	16.226±0.061	        #         	        #         	        #         
124	154	278	16.357±0.070	        #         	        #         	        #         
124	155	279	16.293±0.090	        #         	        #         	        #         
124	156	280	16.076±0.082	        #         	        #         	        #         
124	157	281	16.038±0.092	        #         	        #         	        #         
124	158	282	15.942±0.087	        #         	        #         	        #         
124	159	283	15.841±0.093	        #         	        #         	        #         
124	160	284	15.771±0.091	        #         	        #         	        #         
124	161	285	15.656±0.097	        #         	        #         	        #         
124	162	286	15.579±0.100	        #         	        #         	        #         
124	163	287	15.442±0.099	        #         	        #         	        #         
124	164	288	15.364±0.100	        #         	        #         	        #         
124	165	289	15.219±0.097	        #         	        #         	        #         
124	166	290	15.136±0.096	        #         	        #         	        #         
124	167	291	15.013±0.098	        #         	        #         	        #         
124	168	292	14.933±0.086	        #         	        #         	        #         
124	169	293	14.795±0.091	        #         	        #         	        #         
124	170	294	14.679±0.085	        #         	        #         	        #         
124	171	295	14.592±0.095	        #         	        #         	        #         
124	172	296	14.483±0.088	        #         	15.179±0.006	        #         
124	173	297	14.392±0.086	        #         	15.467±0.005	        #         
124	174	298	14.264±0.079	        #         	15.709±0.006	        #         
124	175	299	14.158±0.087	        #         	15.539±0.007	        #         
124	176	300	14.056±0.082	        #         	15.321±0.004	14.941±0.000
124	177	301	13.965±0.084	        #         	15.158±0.006	14.841±0.000
124	178	302	13.844±0.089	        #         	14.855±0.002	14.427±0.002
124	179	303	13.682±0.088	        #         	14.891±0.014	14.959±0.005
124	180	304	13.410±0.080	        #         	14.958±0.003	15.478±0.007
124	181	305	13.323±0.084	        #         	14.832±0.002	15.536±0.003
124	182	306	13.279±0.093	        #         	14.808±0.001	15.575±0.004
124	183	307	13.027±0.087	        #         	14.717±0.010	15.623±0.005
124	184	308	12.941±0.089	        #         	14.669±0.005	15.645±0.001
124	185	309	12.772±0.093	        #         	15.223±0.003	15.185±0.004
124	186	310	12.652±0.070	        #         	15.472±0.001	15.065±0.004
124	187	311	12.519±0.102	        #         	14.735±0.002	14.068±0.004
124	188	312	12.439±0.103	        #         	13.883±0.002	13.318±0.007
124	189	313	12.178±0.099	        #         	13.475±0.006	10.125±0.004
124	190	314	11.984±0.104	        #         	13.211±0.002	10.103±0.003
124	191	315	11.929±0.111	        #         	13.186±0.000	10.132±0.003
124	192	316	11.669±0.111	        #         	13.203±0.002	13.589±0.008
124	193	317	11.626±0.130	        #         	12.977±0.006	13.338±0.004
124	194	318	11.439±0.140	        #         	12.560±0.003	13.220±0.002
124	195	319	11.305±0.135	        #         	12.140±0.002	12.919±0.005
124	196	320	11.149±0.121	        #         	11.928±0.003	12.755±0.010
124	197	321	11.076±0.119	        #         	11.855±0.004	7.179±0.004
124	198	322	10.852±0.119	        #         	12.262±0.004	12.258±0.006
124	199	323	10.645±0.119	        #         	12.221±0.006	11.762±0.004
124	200	324	10.623±0.114	        #         	12.047±0.007	11.449±0.009
124	201	325	10.421±0.119	        #         	11.895±0.010	10.940±0.008
124	202	326	10.347±0.107	        #         	12.297±0.006	9.406±0.005
124	203	327	10.231±0.116	        #         	12.432±0.008	9.430±0.004
124	204	328	10.153±0.126	        #         	11.231±0.009	9.425±0.009
124	205	329	10.048±0.120	        #         	11.106±0.010	10.884±0.009
124	206	330	9.917±0.113	        #         	12.446±0.001	9.570±0.001
124	207	331	9.741±0.099	        #         	12.625±0.005	9.534±0.011
124	208	332	9.697±0.103	        #         	10.772±0.047	9.274±0.048
124	209	333	9.608±0.101	        #         	10.598±0.019	9.569±0.015
124	210	334	9.406±0.132	        #         	10.242±0.009	9.284±0.022
124	211	335	9.405±0.134	        #         	10.111±0.001	8.455±0.022
124	212	336	9.334±0.119	        #         	9.926±0.002	9.765±0.027
124	213	337	9.161±0.119	        #         	9.994±0.004	11.112±0.009
124	214	338	9.020±0.122	        #         	7.725±0.007	9.490±0.003
124	215	339	8.832±0.114	        #         	7.639±0.007	9.305±0.009
124	216	340	8.708±0.112	        #         	7.590±0.003	        #         
124	217	341	8.575±0.119	        #         	7.590±0.002	        #         
124	218	342	8.456±0.118	        #         	7.532±0.002	        #         
124	219	343	8.321±0.117	        #         	7.232±0.003	        #         
124	220	344	8.199±0.117	        #         	8.775±0.005	        #         
124	221	345	8.062±0.118	        #         	8.598±0.001	        #         
124	222	346	7.940±0.117	        #         	8.157±0.002	        #         
124	223	347	7.800±0.117	        #         	8.208±0.004	        #         
124	224	348	        #         	        #         	8.110±0.004	        #         
124	225	349	        #         	        #         	8.123±0.004	        #         
124	226	350	        #         	        #         	7.792±0.004	        #         
125	119	244	17.444±0.024	        #         	        #         	        #         
125	120	245	17.229±0.051	        #         	        #         	        #         
125	121	246	17.190±0.022	        #         	        #         	        #         
125	122	247	16.898±0.023	        #         	        #         	        #         
125	123	248	16.631±0.035	        #         	        #         	        #         
125	124	249	16.211±0.010	        #         	        #         	        #         
125	125	250	15.902±0.012	        #         	        #         	        #         
125	126	251	15.926±0.032	        #         	        #         	        #         
125	127	252	17.608±0.053	        #         	        #         	        #         
125	128	253	18.995±0.024	        #         	        #         	        #         
125	129	254	19.366±0.023	        #         	        #         	        #         
125	130	255	19.302±0.025	        #         	        #         	        #         
125	131	256	19.158±0.002	        #         	        #         	        #         
125	132	257	18.745±0.031	        #         	        #         	        #         
125	133	258	18.663±0.010	        #         	        #         	        #         
125	134	259	18.474±0.032	        #         	        #         	        #         
125	135	260	18.369±0.024	        #         	        #         	        #         
125	136	261	18.173±0.021	        #         	        #         	        #         
125	137	262	18.145±0.009	        #         	        #         	        #         
125	138	263	17.911±0.015	        #         	        #         	        #         
125	139	264	17.878±0.018	        #         	        #         	        #         
125	140	265	17.604±0.031	        #         	        #         	        #         
125	141	266	17.588±0.038	        #         	        #         	        #         
125	142	267	17.489±0.034	        #         	        #         	        #         
125	143	268	17.592±0.036	        #         	        #         	        #         
125	144	269	17.400±0.038	        #         	        #         	        #         
125	145	270	17.340±0.036	        #         	        #         	        #         
125	146	271	17.211±0.035	        #         	        #         	        #         
125	147	272	17.168±0.028	        #         	        #         	        #         
125	148	273	16.941±0.030	        #         	        #         	        #         
125	149	274	16.661±0.046	        #         	        #         	        #         
125	150	275	16.611±0.034	        #         	        #         	        #         
125	151	276	16.553±0.036	        #         	        #         	        #         
125	152	277	16.367±0.023	        #         	        #         	        #         
125	153	278	16.621±0.013	        #         	        #         	        #         
125	154	279	16.680±0.022	        #         	        #         	        #         
125	155	280	16.659±0.038	        #         	        #         	        #         
125	156	281	16.412±0.032	        #         	        #         	        #         
125	157	282	16.400±0.042	        #         	        #         	        #         
125	158	283	16.284±0.041	        #         	        #         	        #         
125	159	284	16.202±0.039	        #         	        #         	        #         
125	160	285	16.081±0.039	        #         	        #         	        #         
125	161	286	16.024±0.037	        #         	        #         	        #         
125	162	287	15.878±0.041	        #         	        #         	        #         
125	163	288	15.856±0.038	        #         	        #         	        #         
125	164	289	15.667±0.043	        #         	        #         	        #         
125	165	290	15.653±0.044	        #         	        #         	        #         
125	166	291	15.462±0.043	        #         	        #         	        #         
125	167	292	15.394±0.051	        #         	        #         	        #         
125	168	293	15.266±0.045	        #         	        #         	        #         
125	169	294	15.210±0.042	        #         	        #         	        #         
125	170	295	15.054±0.039	        #         	        #         	        #         
125	171	296	14.977±0.044	        #         	        #         	        #         
125	172	297	14.830±0.040	        #         	        #         	        #         
125	173	298	14.766±0.042	        #         	        #         	        #         
125	174	299	14.579±0.036	        #         	16.395±0.002	        #         
125	175	300	14.508±0.034	        #         	16.165±0.001	        #         
125	176	301	14.378±0.031	        #         	15.838±0.000	        #         
125	177	302	14.292±0.036	        #         	15.630±0.001	        #         
125	178	303	14.141±0.032	        #         	15.387±0.001	14.693±0.002
125	179	304	14.084±0.036	        #         	15.526±0.002	14.792±0.001
125	180	305	13.857±0.036	        #         	15.540±0.008	14.621±0.002
125	181	306	13.690±0.044	        #         	15.474±0.007	14.995±0.013
125	182	307	13.613±0.038	        #         	15.437±0.001	15.046±0.047
125	183	308	13.368±0.042	        #         	15.386±0.003	16.358±0.039
125	184	309	13.226±0.040	        #         	15.266±0.002	16.294±0.002
125	185	310	13.235±0.039	        #         	15.902±0.001	11.279±0.001
125	186	311	12.941±0.030	        #         	15.745±0.003	10.902±0.000
125	187	312	12.922±0.056	        #         	15.035±0.001	9.777±0.004
125	188	313	12.721±0.031	        #         	14.216±0.001	9.205±0.000
125	189	314	12.653±0.036	        #         	13.957±0.003	9.748±0.006
125	190	315	12.572±0.048	        #         	13.716±0.005	9.753±0.001
125	191	316	12.269±0.053	        #         	13.651±0.000	9.658±0.001
125	192	317	12.092±0.051	        #         	13.569±0.005	9.689±0.007
125	193	318	12.087±0.052	        #         	13.254±0.002	9.760±0.002
125	194	319	11.763±0.050	        #         	12.752±0.000	13.530±0.005
125	195	320	11.639±0.087	        #         	12.381±0.003	13.353±0.004
125	196	321	11.571±0.089	        #         	12.209±0.002	7.317±0.002
125	197	322	11.464±0.068	        #         	12.213±0.002	6.916±0.006
125	198	323	11.439±0.082	        #         	12.327±0.003	12.518±0.004
125	199	324	11.218±0.091	        #         	12.315±0.001	11.894±0.006
125	200	325	10.947±0.090	        #         	12.235±0.005	11.540±0.003
125	201	326	10.864±0.078	        #         	12.369±0.000	11.110±0.004
125	202	327	10.724±0.077	        #         	12.519±0.007	11.116±0.006
125	203	328	10.475±0.072	        #         	12.527±0.015	9.541±0.005
125	204	329	10.378±0.062	        #         	11.683±0.004	9.801±0.003
125	205	330	10.242±0.068	        #         	11.441±0.006	9.769±0.006
125	206	331	10.155±0.074	        #         	11.296±0.004	9.968±0.005
125	207	332	10.041±0.080	        #         	11.194±0.004	9.783±0.004
125	208	333	9.947±0.073	        #         	11.120±0.006	9.906±0.007
125	209	334	9.798±0.057	        #         	10.891±0.004	9.754±0.014
125	210	335	9.782±0.054	        #         	10.011±0.048	10.179±0.017
125	211	336	9.674±0.062	        #         	10.502±0.004	10.112±0.001
125	212	337	9.472±0.089	        #         	10.218±0.004	9.533±0.017
125	213	338	9.469±0.070	        #         	10.135±0.000	9.853±0.030
125	214	339	9.325±0.069	        #         	10.205±0.001	12.063±0.016
125	215	340	9.229±0.072	        #         	8.050±0.003	        #         
125	216	341	9.048±0.071	        #         	9.889±0.002	        #         
125	217	342	8.875±0.066	        #         	9.759±0.003	        #         
125	218	343	8.753±0.068	        #         	9.593±0.001	        #         
125	219	344	8.628±0.070	        #         	8.936±0.004	        #         
125	220	345	8.494±0.068	        #         	8.895±0.001	        #         
125	221	346	8.375±0.068	        #         	8.797±0.001	        #         
125	222	347	8.235±0.068	        #         	8.626±0.001	        #         
125	223	348	8.117±0.069	        #         	8.568±0.001	        #         
125	224	349	7.976±0.069	        #         	8.504±0.002	        #         
125	225	350	        #         	        #         	8.505±0.001	        #         
126	120	246	18.103±0.071	        #         	        #         	        #         
126	121	247	17.928±0.024	        #         	        #         	        #         
126	122	248	17.818±0.006	        #         	        #         	        #         
126	123	249	17.239±0.009	        #         	        #         	        #         
126	124	250	16.888±0.012	        #         	        #         	        #         
126	125	251	16.550±0.013	        #         	        #         	        #         
126	126	252	16.677±0.054	        #         	        #         	        #         
126	127	253	18.357±0.052	        #         	        #         	        #         
126	128	254	19.930±0.028	        #         	        #         	        #         
126	129	255	20.098±0.004	        #         	        #         	        #         
126	130	256	19.989±0.009	        #         	        #         	        #         
126	131	257	19.799±0.008	        #         	        #         	        #         
126	132	258	19.431±0.004	        #         	        #         	        #         
126	133	259	19.271±0.020	        #         	        #         	        #         
126	134	260	19.301±0.033	        #         	        #         	        #         
126	135	261	19.153±0.033	        #         	        #         	        #         
126	136	262	18.977±0.011	        #         	        #         	        #         
126	137	263	18.860±0.004	        #         	        #         	        #         
126	138	264	18.691±0.002	        #         	        #         	        #         
126	139	265	18.493±0.009	        #         	        #         	        #         
126	140	266	18.331±0.020	        #         	        #         	        #         
126	141	267	18.213±0.026	        #         	        #         	        #         
126	142	268	18.215±0.017	        #         	        #         	        #         
126	143	269	18.198±0.024	        #         	        #         	        #         
126	144	270	18.130±0.023	        #         	        #         	        #         
126	145	271	17.904±0.021	        #         	        #         	        #         
126	146	272	17.857±0.016	        #         	        #         	        #         
126	147	273	17.717±0.010	        #         	        #         	        #         
126	148	274	17.554±0.009	        #         	        #         	        #         
126	149	275	17.246±0.021	        #         	        #         	        #         
126	150	276	17.243±0.013	        #         	        #         	        #         
126	151	277	17.135±0.012	        #         	        #         	        #         
126	152	278	17.008±0.005	        #         	        #         	        #         
126	153	279	17.190±0.005	        #         	        #         	        #         
126	154	280	17.296±0.001	        #         	        #         	        #         
126	155	281	17.181±0.013	        #         	        #         	        #         
126	156	282	16.994±0.003	        #         	        #         	        #         
126	157	283	16.943±0.007	        #         	        #         	        #         
126	158	284	16.906±0.018	        #         	        #         	        #         
126	159	285	16.761±0.011	        #         	        #         	        #         
126	160	286	16.650±0.014	        #         	        #         	        #         
126	161	287	16.593±0.009	        #         	        #         	        #         
126	162	288	16.466±0.008	        #         	        #         	        #         
126	163	289	16.359±0.005	        #         	        #         	        #         
126	164	290	16.250±0.003	        #         	        #         	        #         
126	165	291	16.181±0.005	        #         	        #         	        #         
126	166	292	16.082±0.007	        #         	        #         	        #         
126	167	293	15.965±0.010	        #         	        #         	        #         
126	168	294	15.859±0.011	        #         	        #         	        #         
126	169	295	15.765±0.007	        #         	        #         	        #         
126	170	296	15.644±0.014	        #         	        #         	        #         
126	171	297	15.552±0.006	        #         	        #         	        #         
126	172	298	15.427±0.012	        #         	        #         	        #         
126	173	299	15.305±0.002	        #         	        #         	        #         
126	174	300	15.184±0.016	        #         	        #         	        #         
126	175	301	15.045±0.011	        #         	        #         	        #         
126	176	302	14.881±0.015	        #         	16.321±0.003	        #         
126	177	303	14.731±0.003	        #         	16.093±0.008	        #         
126	178	304	14.615±0.017	        #         	16.076±0.005	        #         
126	179	305	14.468±0.010	        #         	16.182±0.007	        #         
126	180	306	14.351±0.011	        #         	16.398±0.003	15.416±0.003
126	181	307	14.234±0.015	        #         	16.297±0.000	15.532±0.003
126	182	308	14.014±0.017	        #         	16.104±0.007	14.823±0.007
126	183	309	13.734±0.009	        #         	16.035±0.002	15.066±0.005
126	184	310	13.659±0.015	        #         	16.024±0.001	11.027±0.005
126	185	311	13.599±0.019	        #         	16.317±0.002	10.638±0.002
126	186	312	13.362±0.021	        #         	16.158±0.006	10.251±0.005
126	187	313	13.243±0.014	        #         	15.301±0.008	10.191±0.002
126	188	314	13.076±0.022	        #         	14.700±0.003	9.701±0.001
126	189	315	12.975±0.014	        #         	14.436±0.005	9.414±0.002
126	190	316	12.856±0.031	        #         	14.219±0.006	9.600±0.003
126	191	317	12.715±0.024	        #         	14.146±0.007	13.001±0.002
126	192	318	12.456±0.029	        #         	14.022±0.008	13.122±0.001
126	193	319	12.192±0.028	        #         	13.555±0.007	12.957±0.001
126	194	320	12.153±0.034	        #         	13.136±0.007	9.566±0.002
126	195	321	11.876±0.027	        #         	12.818±0.006	7.192±0.003
126	196	322	11.772±0.027	        #         	12.727±0.009	6.812±0.006
126	197	323	11.633±0.048	        #         	12.838±0.009	6.456±0.001
126	198	324	11.594±0.041	        #         	12.854±0.005	6.126±0.002
126	199	325	11.495±0.057	        #         	12.853±0.012	11.177±0.005
126	200	326	11.457±0.044	        #         	12.788±0.009	11.603±0.003
126	201	327	11.200±0.036	        #         	12.729±0.005	11.379±0.002
126	202	328	10.997±0.045	        #         	12.636±0.002	9.771±0.000
126	203	329	10.855±0.040	        #         	12.642±0.004	9.864±0.002
126	204	330	10.679±0.047	        #         	12.305±0.008	11.612±0.003
126	205	331	10.454±0.035	        #         	11.925±0.002	11.557±0.003
126	206	332	10.252±0.033	        #         	11.692±0.007	11.539±0.006
126	207	333	10.130±0.042	        #         	11.696±0.004	11.204±0.010
126	208	334	10.043±0.047	        #         	11.677±0.005	11.051±0.012
126	209	335	9.902±0.049	        #         	11.391±0.013	10.561±0.007
126	210	336	9.749±0.030	        #         	10.315±0.006	10.476±0.009
126	211	337	9.591±0.030	        #         	10.001±0.002	10.017±0.003
126	212	338	9.592±0.038	        #         	10.649±0.023	10.204±0.003
126	213	339	9.335±0.034	        #         	10.383±0.035	11.369±0.035
126	214	340	9.233±0.052	        #         	10.234±0.000	        #         
126	215	341	9.193±0.038	        #         	10.418±0.002	        #         
126	216	342	9.052±0.043	        #         	10.482±0.005	        #         
126	217	343	8.896±0.043	        #         	10.301±0.002	        #         
126	218	344	8.765±0.047	        #         	10.124±0.004	        #         
126	219	345	8.591±0.039	        #         	10.972±0.002	        #         
126	220	346	8.477±0.048	        #         	10.737±0.002	        #         
126	221	347	8.344±0.044	        #         	10.686±0.003	        #         
126	222	348	8.220±0.047	        #         	8.870±0.003	        #         
126	223	349	8.090±0.041	        #         	8.805±0.004	        #         
126	224	350	7.960±0.046	        #         	8.847±0.005	        #         
126	225	351	7.832±0.042	        #         	        #         	        #         